gene,score,validation,label
A1CF,0.030942405,True,0
A2M,0.007630235,False,0
A2ML1,0.013485735,False,0
A4GALT,0.008406592,True,0
AANAT,0.016513906,False,0
AATK,0.024768969,True,0
ABCA1,0.030964883,True,0
ABCA12,0.0143600665,True,0
ABCA3,0.023796951,True,0
ABCA4,0.02931561,False,0
ABCA5,0.033651445,True,0
ABCA6,0.021219848,False,0
ABCA8,0.014706003,False,0
ABCB1,0.022986129,False,0
ABCC1,0.011163905,True,0
ABCC11,0.012373444,False,0
ABCC2,0.027144572,False,0
ABCC3,0.020693973,False,1
ABCC9,0.016494727,False,0
ABCF2,0.009602388,False,0
ABCG2,0.046866816,False,0
ABCG4,0.017129216,True,1
ABCG5,0.014675055,False,0
ABHD17B,0.027412811,False,0
ABHD5,0.043690573,False,0
ABI3BP,0.004820769,False,0
ABL1,0.025460811,False,0
ABLIM2,0.011416509,False,0
ABLIM3,0.023512885,False,0
ABR,0.011008699,False,0
ACAT2,0.017997641,True,0
ACER1,0.0037070394,False,0
ACER2,0.016045574,False,0
ACO1,0.016649997,False,0
ACOX1,0.014610678,False,0
ACSBG1,0.019252677,False,0
ACSL3,0.020332335,False,0
ACSL4,0.023491979,False,1
ACSS2,0.0084313275,False,0
ACTA2,0.013143117,False,0
ACTG1,0.00696774,False,0
ACTL6A,0.016887872,True,0
ACTL6B,0.040182382,False,0
ACTN1,0.006767603,True,0
ACTN1-AS1,0.019145936,False,0
ACTN2,0.026028804,False,0
ACTR3C,0.004100005,False,0
ACVR1,0.025392001,False,0
ACVR1C,0.027657496,True,0
ACVR2A,0.027506001,False,0
ADAM12,0.019092398,False,0
ADAM19,0.025107598,False,0
ADAM23,0.0028723993,False,0
ADAM28,0.01862232,False,0
ADAM32,0.014144219,False,0
ADAMTS1,0.015851341,True,0
ADAMTS10,0.008735478,False,0
ADAMTS15,0.021554006,False,0
ADAMTS17,0.01788048,True,0
ADAMTS19,0.021327276,False,0
ADAMTS2,0.009529261,False,0
ADAMTS3,0.009098179,False,0
ADAMTS4,0.0163095,False,0
ADAMTS5,0.029478475,False,0
ADAMTS6,0.033291124,True,1
ADAMTS7,0.005473005,True,0
ADAMTS9,0.004247982,False,0
ADAMTS9-AS2,0.010205889,False,0
ADAMTSL1,0.010668766,False,0
ADAMTSL3,0.04601769,True,0
ADAMTSL4-AS1,0.01108798,True,0
ADAR,0.013892185,False,0
ADARB1,0.013974844,False,0
ADARB2,0.008781719,False,0
ADCY2,0.0062820865,False,0
ADCY3,0.014490104,False,0
ADCY5,0.010815979,False,0
ADCY7,0.01792619,False,1
ADCY9,0.018691154,False,0
ADD2,0.00656568,False,0
ADD3-AS1,0.016017923,False,0
ADGRA2,0.009943068,False,0
ADGRB1,0.03597344,False,0
ADGRB3,0.004169363,False,0
ADGRD1,0.012702121,False,0
ADGRE5,0.085591204,False,0
ADGRF5,0.014306343,False,0
ADGRG2,0.0048417184,False,0
ADGRG3,0.0141114835,False,0
ADGRL2,0.009499604,False,0
ADGRL3,0.008072778,True,0
ADIRF,0.03684571,True,0
ADM,0.013359736,False,0
ADNP,0.018708734,False,0
ADNP2,0.013249452,False,0
ADORA1,0.017672304,False,0
ADPGK-AS1,0.015131339,False,0
ADRA1A,0.035395082,False,0
ADRA1B,0.015745806,False,0
AEBP1,0.0053849686,True,0
AFF3,0.050313275,False,0
AFF4,0.020170268,False,0
AGA,0.01714013,False,0
AGAP1,0.008227611,False,0
AGAP2,0.031305738,True,0
AGMO,0.01903492,True,0
AGT,0.011920019,False,0
AGTPBP1,0.026276905,False,0
AHCTF1,0.026129045,False,0
AHDC1,0.012867812,False,1
AHR,0.03141854,False,0
AHRR,0.016357888,False,0
AIRE,0.017582417,True,0
AJAP1,0.0062915385,False,0
AKAP12,0.02777054,False,0
AKAP6,0.007156898,True,0
ALCAM,0.03385707,False,1
ALDH1A1,0.016383778,False,0
ALDH1A2,0.0016101443,True,0
ALDH1A3,0.01811114,False,0
ALDH1L1-AS2,0.0152656725,False,0
ALG14,0.0096991835,False,0
ALG3,0.016394265,True,0
ALK,0.017299065,False,0
ALOX5,0.012050073,False,0
ALX1,0.0084296055,False,0
ALX3,0.029581722,False,0
AMD1,0.004846693,False,0
AMDHD1,0.023302997,False,0
AMER2,0.022195537,False,0
AMIGO2,0.0086622415,False,0
AMMECR1,0.0041698525,False,0
AMN1,0.014598052,False,0
AMOT,0.03241442,False,0
AMOTL1,0.0044833124,False,0
AMPD3,0.0029427542,True,0
AMPH,0.008960496,False,0
ANGPT1,0.0029867294,False,0
ANGPT2,0.02839367,False,0
ANGPTL2,0.0020119748,False,0
ANGPTL4,0.021302875,False,0
ANK3,0.015993057,False,0
ANKDD1A,0.009298704,False,0
ANKRD30BL,0.014410271,False,0
ANKRD31,0.026218995,False,0
ANKRD33B,0.020329311,False,0
ANKRD45,0.020119902,False,0
ANKRD50,0.035239786,False,0
ANKRD6,0.0155945,False,0
ANKRD7,0.01130087,False,0
ANKS1B,0.01901124,False,0
ANO2,0.01276287,False,0
ANO5,0.010271495,False,0
ANO6,0.014082881,False,0
ANO9,0.009287369,False,1
ANOS1,0.010555345,False,0
ANTXR1,0.009030456,False,0
ANXA1,0.022867562,False,0
ANXA11,0.020843673,True,0
ANXA2,0.022052657,False,0
ANXA8,0.0254768,False,0
AOAH,0.024154035,False,0
AP1AR,0.018010817,True,0
AP1S2,0.039847054,False,0
AP3B2,0.023783186,True,0
AP4S1,0.07020856,False,0
APBA1,0.031151045,False,0
APBB1IP,0.016124934,False,0
APBB2,0.023360424,False,0
APBB3,0.017007459,False,0
APCDD1,0.009504508,False,0
APEX2,0.010519343,False,0
APLF,0.0159482,False,0
APLNR,0.019664912,False,0
APOBEC3D,0.05170229,False,0
APOC1,0.009118762,False,0
APOL1,0.01664284,True,0
APOL2,0.027000397,True,0
APOL4,0.011732327,False,0
APOL6,0.011360011,False,0
APOLD1,0.027087139,False,0
APP,0.018613804,True,0
AQP1,0.013473143,False,0
AQP4,0.019068746,False,0
AQP4-AS1,0.019375341,False,0
AR,0.020393873,False,0
ARC,0.013066916,False,0
AREG,0.045177568,False,0
ARFGAP1,0.012906858,False,0
ARFGEF3,0.02247303,True,0
ARHGAP10,0.019239396,False,0
ARHGAP11B,0.02765554,False,0
ARHGAP15,0.011456992,False,0
ARHGAP18,0.01478324,False,0
ARHGAP19,0.016421137,False,0
ARHGAP20,0.005225906,False,0
ARHGAP22,0.0033480534,False,0
ARHGAP24,0.012789802,False,0
ARHGAP25,0.012410335,False,0
ARHGAP26,0.010349328,False,0
ARHGAP26-AS1,0.01645344,False,0
ARHGAP29,0.02994469,False,0
ARHGAP36,0.022550795,False,0
ARHGAP44,0.018901467,False,0
ARHGAP5-AS1,0.016382888,False,0
ARHGAP6,0.020810211,False,0
ARHGAP8,0.021104634,False,0
ARHGEF11,0.022793243,False,0
ARHGEF16,0.035804063,False,0
ARHGEF18,0.045320757,False,0
ARHGEF26-AS1,0.011354331,False,0
ARHGEF28,0.0020346853,False,0
ARHGEF3,0.002536819,False,0
ARHGEF3-AS1,0.016243884,False,0
ARHGEF38,0.020665435,False,1
ARHGEF4,0.007837551,False,0
ARID3A,0.0019211,False,0
ARID3B,0.015262504,False,0
ARID5A,0.016544307,False,0
ARID5B,0.01390585,False,0
ARL17B,0.015778134,False,0
ARL4C,0.037326273,False,0
ARL4D,0.011838659,True,0
ARL5C,0.025660085,False,0
ARL6IP1,0.020333722,False,0
ARL6IP6,0.011564052,False,0
ARMC3,0.01993536,True,0
ARMC4,0.03707195,True,0
ARNT,0.015426637,False,0
ARNT2,0.028532319,True,1
ARNTL,0.03971662,False,0
ARNTL2,0.023887962,True,0
ARPP21,0.0055294246,False,0
ARRDC3,0.026743554,False,0
ARRDC3-AS1,0.008804057,True,0
ARSB,0.019630648,False,0
ARSE,0.014358954,True,0
ARSF,0.018614825,False,0
ARSG,0.019043786,False,0
ARSJ,0.010502318,True,0
ART1,0.015493601,False,0
ARX,0.007040526,False,0
ASAP1,0.0146582,True,0
ASAP3,0.010111218,True,0
ASB4,0.01299487,False,0
ASCC1,0.013801554,True,0
ASCC3,0.0055347215,False,0
ASCL1,0.0052862708,False,0
ASH2L,0.011204526,False,0
ASPA,0.02352442,False,0
ASPN,0.027767707,False,0
ASXL3,0.00780281,False,0
ATAD2,0.011128114,False,0
ATF2,0.009484235,False,0
ATF3,0.0075512566,False,0
ATF4,0.0026475892,False,0
ATF5,0.015454125,False,0
ATF6,0.009000979,False,0
ATF7,0.02495235,False,0
ATF7IP2,0.0072110407,False,0
ATG10,0.015245021,False,0
ATG5,0.021725345,True,0
ATL2,0.020853871,False,0
ATOH7,0.01582855,False,0
ATOH8,0.019391887,False,0
ATP10A,0.013629514,False,0
ATP10B,0.008962889,False,0
ATP11A,0.0034220403,False,0
ATP12A,0.027640207,True,0
ATP13A4-AS1,0.009786057,False,0
ATP13A5,0.05193586,False,0
ATP1A1,0.016140724,False,0
ATP1B1,0.015843777,False,0
ATP1B2,0.012143245,False,0
ATP1B3,0.013783212,False,0
ATP2A1,0.01891548,False,0
ATP2A2,0.012476227,False,0
ATP6V0C,0.01827844,False,0
ATP8A1,0.016976522,True,0
ATP8A2,0.016896512,False,0
ATP8B1,0.038581565,False,0
ATP8B4,0.015747713,False,0
ATP9A,0.015700275,False,0
ATR,0.04962733,False,0
ATRNL1,0.016227858,False,0
ATXN7L1,0.015565524,False,0
AVEN,0.011163046,True,1
AVIL,0.016079208,True,0
AZIN2,0.013118598,False,0
B2M,0.023729084,False,0
B3GALT2,0.04222387,False,0
B3GALT5,0.018841237,True,0
B3GAT2,0.0036121947,False,0
B3GLCT,0.0124857435,True,0
B4GALT1,0.034736015,False,0
B4GALT1-AS1,0.005092483,False,0
B4GALT6,0.031198762,False,0
BAALC,0.007998414,False,0
BAALC-AS1,0.025924928,True,0
BAALC-AS2,0.03468055,False,0
BACE2,0.008062159,False,0
BACH1,0.017472707,False,0
BACH2,0.017287737,False,0
BAG3,0.020915655,True,0
BAIAP2,0.0050358623,False,1
BAMBI,0.0048385537,False,0
BANK1,0.017499004,True,0
BANP,0.021613074,False,0
BARD1,0.018669982,False,0
BARX2,0.025100205,True,0
BASP1,0.027897341,False,0
BATF2,0.017805949,False,0
BATF3,0.013853657,False,0
BAZ1A,0.03901542,False,0
BBOX1-AS1,0.023751045,True,0
BBX,0.008917998,False,0
BCAN,0.01573477,False,0
BCAS1,0.012978026,False,0
BCAS2,0.0066864253,False,0
BCHE,0.020904602,False,0
BCL11B,0.015338016,False,0
BCL6,0.025014838,False,0
BCL6B,0.014055523,False,0
BCLAF1,0.009950798,False,0
BCO1,0.010340838,False,0
BCOR,0.011195838,False,0
BCORL1,0.013285602,False,1
BCR,0.03066641,False,0
BDNF,0.013072009,False,0
BEND6,0.022243679,False,0
BET1,0.010435992,False,0
BEX2,0.0043074875,False,0
BFSP2,0.021064684,False,0
BFSP2-AS1,0.0080689695,False,0
BGLAP,0.015853006,False,0
BHLHE22,0.021866255,True,0
BHLHE40,0.02166341,False,0
BHLHE41,0.015164881,False,0
BHMT2,0.019968644,False,0
BICC1,0.013664867,False,0
BICDL1,0.019696305,False,0
BIRC3,0.0023542517,False,0
BIRC7,0.033422854,False,0
BMP6,0.007150828,False,0
BMPER,0.01211521,True,0
BMPR1B,0.0146507975,False,0
BNC1,0.025621366,False,0
BNC2,0.029655041,False,0
BOC,0.025605265,False,0
BPTF,0.011692932,False,0
BRCA1,0.02718629,False,0
BRDT,0.017972875,False,0
BRF1,0.033077285,False,0
BRI3BP,0.006237972,False,0
BRINP1,0.03276206,True,0
BRINP2,0.011890537,False,0
BRINP3,0.017800879,True,0
BRIP1,0.017226255,False,0
BSG,0.023236344,False,0
BST2,0.0091694975,False,0
BTAF1,0.018867798,False,0
BTBD11,0.016976587,False,0
BTBD19,0.017464913,False,0
BTBD2,0.034826383,True,0
BTG2,0.0123733785,True,0
BTG4,0.0048103025,True,0
BTN3A1,0.011864581,False,0
BTNL9,0.0118332775,False,0
BUB1,0.015746567,False,0
BVES,0.01974188,True,0
BZW2,0.018958535,False,0
C11orf65,0.011378522,True,0
C11orf96,0.03040048,False,0
C12orf40,0.02528499,False,0
C12orf42,0.023495011,True,0
C12orf50,0.015135689,False,0
C12orf75,0.009290686,True,0
C14orf132,0.005765131,False,0
C14orf93,0.010275767,True,0
C16orf74,0.029072015,False,0
C16orf87,0.032333262,False,0
C16orf95,0.03953679,False,0
C17orf53,0.0040794183,False,0
C17orf67,0.032117825,False,0
C19orf25,0.036316957,True,0
C1D,0.007833113,False,0
C1QB,0.026067555,True,0
C1QTNF3,0.020774942,False,0
C1QTNF4,0.010562263,False,0
C1QTNF7,0.028328048,False,0
C1RL,0.008848739,False,0
C1orf54,0.031359434,True,0
C1orf87,0.027585136,False,0
C21orf91,0.023611583,False,0
C21orf91-OT1,0.0065767737,False,0
C22orf31,0.02239456,False,0
C22orf34,0.0070225336,False,0
C2CD4A,0.017741608,True,0
C2CD4B,0.03152712,False,0
C2orf27A,0.003168231,False,0
C2orf72,0.018823113,False,0
C2orf73,0.03458071,True,0
C2orf88,0.028013311,False,0
C3,0.0067445645,False,0
C3orf14,0.014734504,False,0
C3orf35,0.00943084,False,0
C3orf67,0.014161006,False,0
C4orf19,0.0052214134,False,0
C4orf47,0.012695784,False,0
C4orf48,0.013394499,False,0
C5orf66,0.007164281,False,0
C6orf58,0.022839678,True,0
C7,0.019501546,False,0
C8orf34,0.017291829,False,0
C8orf37-AS1,0.015816016,False,0
C8orf88,0.011858735,False,0
C9orf135,0.038530387,True,0
CA1,0.016456958,False,0
CA10,0.007413645,False,0
CA12,0.007705295,False,0
CA13,0.025124133,True,0
CA2,0.008360719,False,0
CA3,0.019929366,False,0
CA8,0.012429661,False,0
CA9,0.0047637424,False,0
CABLES1,0.02512037,False,0
CABYR,0.054961957,True,0
CACNA1A,0.0059966054,False,0
CACNA1C,0.013785856,False,0
CACNA1D,0.008596052,True,0
CACNA1E,0.0072080377,False,0
CACNA2D3,0.04914906,False,0
CACNB2,0.01534947,False,0
CACNB4,0.026798548,False,0
CACNG2,0.026625356,False,0
CADM1,0.0056447717,False,0
CADM2,0.007018445,False,0
CADM3,0.033846095,True,0
CADPS,0.002950442,False,0
CADPS2,0.01659551,False,0
CALD1,0.004600567,False,0
CALM1,0.028107516,True,0
CALM2,0.019063398,True,0
CALN1,0.0144893145,False,0
CALU,0.021293404,False,0
CALY,0.03190448,False,0
CAMK1D,0.01231775,False,0
CAMK2D,0.017755708,False,0
CAMK2N1,0.012720618,False,0
CAMKK2,0.009359041,False,0
CANX,0.03406793,True,0
CAPRIN2,0.0129979355,True,0
CAPS2,0.05323506,True,0
CAPSL,0.012460416,False,0
CARD11,0.09083693,False,0
CARD8-AS1,0.056240924,False,0
CARF,0.018713722,False,0
CARMN,0.005859863,False,0
CARNMT1,0.01764429,True,0
CARS,0.024913209,False,0
CASC15,0.018946977,False,0
CASC2,0.009983419,False,0
CASK,0.016657142,False,0
CASP10,0.013651806,False,0
CASS4,0.028161207,False,0
CAST,0.020517062,False,0
CASTOR1,0.0142131755,False,0
CATSPERB,0.029886484,True,0
CBARP,0.013616223,False,0
CBFA2T2,0.012572453,False,0
CBLN2,0.010285203,False,0
CBR1,0.018994449,True,0
CBR3-AS1,0.023801481,False,0
CBSL,0.011535499,False,0
CBX2,0.040297225,False,0
CBX4,0.0050297235,False,0
CBX7,0.019631185,False,0
CC2D2B,0.028139237,False,0
CCBE1,0.024668435,True,0
CCDC110,0.008182676,False,0
CCDC121,0.011439674,True,0
CCDC122,0.012792651,False,0
CCDC13-AS1,0.061932284,False,0
CCDC138,0.01270102,False,0
CCDC15,0.029645056,False,0
CCDC152,0.010579181,True,0
CCDC169,0.027197441,False,0
CCDC170,0.016466115,True,0
CCDC181,0.020842418,False,0
CCDC186,0.011885349,False,0
CCDC26,0.022990767,False,0
CCDC3,0.011655264,False,0
CCDC34,0.018357076,True,0
CCDC59,0.010521671,False,0
CCDC62,0.01054415,False,0
CCDC65,0.012844972,False,0
CCDC68,0.023535673,False,0
CCDC69,0.039431185,True,0
CCDC7,0.0063385735,False,0
CCDC80,0.013211684,False,0
CCDC85A,0.014343123,True,0
CCDC85C,0.017740054,False,0
CCDC88C,0.019437231,False,0
CCK,0.011122993,True,0
CCL2,0.019233337,False,0
CCL4L2,0.019409161,False,0
CCND2,0.033632226,False,0
CCND2-AS1,0.01326647,False,0
CCNE1,0.023808416,True,0
CCNH,0.009513801,False,0
CCNJL,0.026208207,True,0
CCNL1,0.009095002,False,0
CCNT2,0.028972084,True,0
CCSER1,0.039073627,False,0
CD14,0.017036738,False,0
CD200,0.04658424,False,0
CD200R1,0.009831012,False,0
CD24,0.013287271,False,0
CD274,0.014427578,False,0
CD38,0.011664967,False,0
CD3EAP,0.014657696,True,0
CD44,0.01220159,False,0
CD53,0.05141846,True,0
CD55,0.034421913,False,0
CD58,0.013606897,False,0
CD59,0.018285703,False,0
CD69,0.0666943,True,0
CD72,0.0110501,False,0
CD74,0.026610937,False,0
CD81,0.02327775,True,0
CD81-AS1,0.026630672,False,0
CD82,0.0446014,False,0
CD83,0.013592176,True,0
CD84,0.027171247,False,0
CD86,0.0050705452,False,0
CD9,0.01776549,False,0
CD96,0.015977683,False,1
CDADC1,0.010900348,True,0
CDC42EP4,0.0044501307,False,0
CDC5L,0.011790148,False,0
CDC7,0.03390852,False,0
CDCP1,0.025837285,False,0
CDH11,0.017309662,False,0
CDH12,0.0009466003,False,0
CDH13,0.022613281,False,0
CDH18,0.04276361,False,0
CDH2,0.017230717,True,0
CDH20,0.015166604,False,0
CDH22,0.017195992,False,0
CDH23,0.022768313,False,0
CDH26,0.022912744,False,0
CDH4,0.013205997,False,0
CDH6,0.013024669,False,0
CDH7,0.017077759,True,0
CDH8,0.008841084,False,0
CDH9,0.013199473,True,0
CDHR3,0.045085814,False,0
CDK15,0.023336343,False,0
CDK18,0.011224201,False,0
CDK19,0.01591946,False,0
CDK2AP1,0.012667824,False,0
CDK6,0.017567433,True,0
CDK8,0.024388734,False,0
CDKL2,0.032140363,True,0
CDKN1A,0.021841776,True,0
CDKN2A,0.019731566,False,0
CDKN2B-AS1,0.018700374,True,0
CDON,0.0099155465,False,0
CDR2,0.020086044,True,0
CDR2L,0.009206577,False,0
CDS1,0.035902973,True,0
CDX1,0.030437889,False,0
CDYL2,0.051710054,False,0
CEACAM1,0.014506559,False,0
CEBPA,0.0084479395,False,0
CEBPB,0.023358297,False,0
CEBPD,0.04369414,False,0
CEBPG,0.009383646,False,0
CEBPZ,0.019121625,True,0
CECR2,0.018488668,False,0
CELF4,0.008172469,True,0
CELF6,0.010134706,False,0
CELSR1,0.008147771,False,0
CEMIP,0.018420188,False,0
CENPBD1,0.022855151,False,0
CENPE,0.012787358,False,0
CENPH,0.0009212168,False,0
CENPJ,0.017243253,False,0
CENPL,0.032101404,False,0
CENPP,0.024055058,True,0
CEP126,0.013261927,False,0
CEP135,0.011638006,False,0
CEP41,0.017586734,False,0
CEP76,0.0052414956,False,0
CERKL,0.0411349,False,0
CERS3,0.0004532289,False,0
CERS4,0.005492673,False,0
CERS5,0.013293756,False,0
CERS6,0.0102659715,False,0
CFAP206,0.014355431,False,0
CFAP221,0.035292964,False,0
CFAP43,0.02395263,True,0
CFAP47,0.021601573,True,0
CFAP58,0.009313343,False,0
CFAP69,0.017824471,True,0
CFD,0.010447294,False,0
CFH,0.019140886,False,0
CFI,0.008552026,False,0
CFL2,0.012551899,False,0
CFP,0.033081662,False,0
CGNL1,0.014457204,False,0
CGREF1,0.0036713297,False,0
CH25H,0.029814307,False,0
CHAMP1,0.009859566,True,0
CHD1,0.024489265,False,0
CHD2,0.017286303,False,0
CHD5,0.057212878,False,1
CHI3L1,0.00020042334,False,0
CHI3L2,0.030898761,True,0
CHMP1B,0.060814727,False,0
CHODL,0.027095271,False,0
CHORDC1,0.0134478565,True,0
CHRDL1,0.018193303,False,0
CHRM2,0.010486836,False,0
CHRNA1,0.02832616,False,0
CHST11,0.016425736,True,0
CHST15,0.014581886,False,0
CHST3,0.026439225,True,0
CHST7,0.015240275,False,0
CHST8,0.024918597,False,0
CHST9,0.011912406,True,0
CHSY1,0.0054020556,False,0
CHSY3,0.07042571,False,0
CHUK,0.00047334348,False,0
CHURC1,0.011625128,False,0
CIC,0.014778268,True,0
CIITA,0.02311956,False,0
CISTR,0.019611757,False,0
CITED1,0.024760187,False,0
CKB,0.010052645,False,0
CLCF1,0.011328058,False,0
CLCN5,0.017358372,False,0
CLDN10,0.010787188,False,0
CLDN11,0.014849885,False,0
CLDN5,0.020479735,False,0
CLEC2D,0.018358111,False,0
CLEC2L,0.026552439,True,0
CLEC5A,0.0068695685,True,0
CLEC7A,0.012668546,False,0
CLIC2,0.020147832,False,0
CLIC4,0.01756954,False,0
CLIP1,0.0077952864,False,0
CLIP1-AS1,0.020128455,True,0
CLMN,0.016922923,False,0
CLMP,0.018878764,False,0
CLNK,0.009802844,False,0
CLOCK,0.024417376,False,0
CLRN1,0.01768317,False,0
CLSTN2,0.021736544,True,0
CLSTN3,0.010097838,False,0
CLTCL1,0.011054755,False,0
CLU,0.0050810394,True,0
CLUL1,0.015874477,False,0
CLVS1,0.024909917,False,0
CLVS2,0.020462798,True,0
CMSS1,0.0046138274,False,0
CMTM2,0.007875688,False,0
CMTM7,0.027434511,False,0
CMTM8,0.011657751,False,0
CNBD1,0.017537577,False,0
CNGA3,0.00405798,False,0
CNGA4,0.018679738,True,0
CNKSR2,0.02179427,False,0
CNKSR3,0.013865793,False,0
CNN3,0.012474283,False,0
CNNM1,0.015682539,False,0
CNOT3,0.01608009,False,0
CNOT4,0.016770018,False,0
CNOT7,0.004891255,True,0
CNTLN,0.021204319,False,0
CNTN1,0.016436763,False,0
CNTN3,0.008850099,False,0
CNTN4,0.016093155,False,0
CNTN5,0.027533041,False,0
CNTNAP1,0.01585332,False,0
CNTNAP2,0.019284546,False,0
CNTNAP3,0.036623687,False,0
CNTNAP3B,0.015323183,False,0
CNTNAP4,0.03157195,False,0
CNTNAP5,0.01406622,False,0
COBLL1,0.023440195,True,0
COG6,0.011652033,False,0
COL11A1,0.011815453,True,0
COL13A1,0.017278539,False,0
COL14A1,0.020701338,False,0
COL1A2,0.0071687493,False,0
COL21A1,0.01053172,False,0
COL23A1,0.020350551,True,0
COL25A1,0.018627044,False,0
COL4A1,0.0048272246,False,0
COL5A1,0.037120964,False,0
COL5A2,0.0053703953,False,0
COL5A3,0.020084027,False,0
COL6A2,0.013372174,False,1
COL8A1,0.013475709,False,0
COLCA1,0.015212204,False,0
COLEC12,0.009929211,False,0
COLGALT2,0.01924872,True,0
COMMD10,0.014213444,False,0
COPG2,0.02087742,False,0
COPS9,0.022304947,False,0
CORIN,0.0153520815,True,0
CORO2B,0.017028468,False,0
CPA6,0.019411452,True,0
CPB1,0.012835477,False,0
CPD,0.011030874,True,0
CPE,0.019995695,True,0
CPEB1,0.011524498,False,0
CPEB2,0.03760765,False,0
CPED1,0.004437486,False,0
CPLX2,0.025947623,False,0
CPM,0.017011436,False,0
CPPED1,0.013979878,False,0
CPSF4,0.019640882,True,0
CPXM2,0.023413653,True,0
CRACR2A,0.002793638,False,0
CRADD,0.026988745,False,0
CREB1,0.006862101,False,0
CREB3,0.0018361099,False,0
CREB3L1,0.009265107,True,0
CREB3L2,0.033447128,True,0
CREB5,0.015009431,False,0
CREM,0.050271343,True,0
CRIM1,0.011124437,False,0
CRISPLD1,0.018998725,False,0
CRISPLD2,0.02045481,True,0
CRK,0.008989489,False,0
CRLF1,0.0092657115,False,0
CRX,0.017195638,False,0
CRY2,0.018174017,False,0
CRYAB,0.01482788,False,0
CSF1,0.027691545,False,0
CSF1R,0.025020307,False,0
CSF3R,0.022772225,False,0
CSMD1,0.021575514,False,0
CSMD2,0.0010644504,True,1
CSMD3,0.0076806406,False,0
CSPG5,0.01241098,True,0
CSRNP1,0.07031148,False,0
CSRP2,0.02063902,False,0
CST3,0.019437,True,0
CTBP1,0.013203424,False,0
CTCF,0.0053105326,False,0
CTDSPL,0.012598697,True,0
CTH,0.014921657,False,0
CTNNA2,0.0009027515,False,1
CTNNA3,0.0018318938,False,0
CTNNAL1,0.026233377,False,0
CTNNB1,0.01474106,False,0
CTPS1,0.015231376,False,0
CTPS2,0.021319179,True,0
CTSC,0.023505937,True,0
CTSH,0.008936642,False,0
CTTNBP2,0.042624917,False,0
CTTNBP2NL,0.02016697,False,0
CTXND1,0.01716385,True,0
CUBN,0.03482504,True,0
CUEDC1,0.043624662,False,0
CUX1,0.015967375,False,0
CUX2,0.012775717,False,0
CX3CL1,0.0123267565,False,0
CXCL1,0.009817911,False,0
CXCL10,0.002954701,False,0
CXCL14,0.023442289,False,0
CXCL2,0.0064967247,False,0
CXCL3,0.005700045,False,0
CXCL5,0.058415465,False,0
CXXC1,0.01629338,False,0
CXXC5,0.015654903,False,0
CYB5A,0.04100915,True,0
CYB5R1,0.012497259,False,0
CYP1B1,0.020832699,False,0
CYP1B1-AS1,0.018941114,False,0
CYP2R1,0.0070787845,False,0
CYP39A1,0.018801697,True,0
CYP3A7,0.006042741,True,0
CYP4F12,0.01339881,False,0
CYP4F3,0.021406649,False,0
CYP51A1,0.022289084,False,0
CYP7B1,0.019388046,True,0
CYTH2,0.026076088,True,0
CYTH3,0.012503103,False,0
CYTH4,0.02536333,True,0
CYTIP,0.02537324,False,0
DAAM2,0.026180949,True,0
DAB1,0.025171869,False,0
DAB2,0.018245956,True,0
DAB2IP,0.030177122,False,1
DACH1,0.030742342,False,0
DACH2,0.032245364,False,0
DACT1,0.014392066,False,0
DAGLA,0.019891875,False,0
DAP,0.027311817,False,0
DAPK3,0.013402689,False,0
DARS-AS1,0.017116584,False,0
DBF4,0.0074845585,False,0
DBP,0.007955127,True,0
DBX2,0.011883927,False,0
DCC,0.023247715,True,0
DCLK1,0.015274233,False,0
DCLK2,0.008148071,False,0
DCN,0.01395346,False,0
DCT,0.013574716,True,0
DCX,0.030095499,True,0
DDIT3,0.015067384,False,0
DDIT4,0.013614482,True,0
DDIT4L,0.017807601,False,0
DDO,0.0021188103,False,0
DDR2,0.032803714,False,0
DDX10,0.020777065,True,1
DDX19B,0.016166208,False,0
DDX20,0.05017799,False,1
DDX21,0.011147956,False,0
DDX58,0.01778214,False,0
DDX60,0.00958758,True,0
DDX60L,0.030752445,False,0
DEAF1,0.015785383,False,0
DEC1,0.013976507,True,0
DENND2A,0.00616939,False,0
DENND2C,0.04522395,False,0
DENND2D,0.013759743,False,0
DENND3,0.022493353,True,0
DENND5A,0.0036226748,False,0
DENND5B-AS1,0.009812449,False,0
DEPTOR,0.0013098601,False,0
DERA,0.015169908,False,0
DES,0.017332649,False,0
DGCR8,0.020377534,False,0
DGKB,0.027615683,True,0
DGKD,0.025955597,False,0
DGKE,0.017131705,True,0
DGKG,0.014875489,False,0
DGKH,0.003933171,False,0
DGKI,0.027065575,False,0
DGKZ,0.016974589,False,0
DHRS12,0.007476054,True,0
DHX36,0.012303138,False,0
DHX57,0.01261223,False,0
DIAPH1,0.020531975,False,0
DIAPH2-AS1,0.017580869,False,0
DIAPH3,0.01184474,False,0
DIDO1,0.024346834,False,0
DIO2,0.014850975,False,0
DIO2-AS1,0.00329862,True,0
DIO3,0.048920635,True,0
DIP2C,0.04017055,False,0
DIS3,0.01075173,False,0
DISC1,0.00847995,False,0
DISC1FP1,0.015010242,False,0
DISP3,0.03570178,False,0
DKK2,0.0044703893,False,0
DLEU1,0.041034367,False,0
DLG2,0.019277023,True,1
DLG3,0.01925222,False,0
DLGAP1,0.010835352,False,0
DLGAP1-AS2,0.027964981,False,0
DLGAP2,0.009527254,False,0
DLL1,0.032629278,False,0
DLX1,0.0209251,False,0
DLX5,0.006775682,True,0
DLX6-AS1,0.014915218,True,0
DMC1,0.013772314,False,0
DMRT2,0.016753655,True,0
DMRTA1,0.004636555,False,0
DMRTB1,0.021459829,False,0
DNAH12,0.027313132,False,0
DNAH14,0.020688407,False,0
DNAH2,0.018068,True,0
DNAH5,0.0012519523,False,0
DNAH6,0.0076128882,False,0
DNAH7,0.00821224,False,0
DNAH8,0.017278627,False,0
DNAI1,0.015426992,False,0
DNAJA1,0.039739586,False,0
DNAJA4,0.019204827,True,0
DNAJB1,0.009624912,False,0
DNAJB4,0.038332995,False,0
DNAJB6,0.012796506,False,0
DNAJC1,0.0153925475,False,0
DNAJC21,0.013894608,True,0
DNAJC22,0.003954999,False,0
DNAJC6,0.030545006,False,0
DNASE1L3,0.014588231,False,0
DNASE2,0.03334751,False,0
DNER,0.015603284,True,0
DNM3,0.013312207,False,0
DNMT1,0.011967034,False,0
DNMT3A,0.010784639,False,0
DOC2B,0.017419724,True,0
DOCK10,0.015892036,False,0
DOCK11,0.009637288,False,0
DOCK2,0.020348914,False,0
DOCK5,0.031581223,True,0
DOCK8,0.015628232,False,0
DOCK9,0.021198718,False,0
DOK3,0.012605783,False,0
DOK4,0.032833263,False,0
DOK5,0.006443195,False,0
DOK6,0.008449309,True,0
DPF1,0.021207398,False,0
DPH6,0.0118108485,False,0
DPP10,0.01493596,False,0
DPP10-AS1,0.027509648,False,0
DPP10-AS3,0.010786419,False,0
DPP6,0.015701896,False,0
DPRX,0.030044844,False,0
DPYD,0.017135888,True,1
DPYD-AS1,0.008581249,True,0
DPYSL3,0.009139656,True,0
DPYSL5,0.023892164,False,0
DQX1,0.015662473,False,0
DR1,0.029241206,False,0
DRAIC,0.016560322,True,0
DRAM1,0.0049671824,False,0
DRC7,0.017640647,True,0
DSC1,0.022169568,True,0
DSCAM,0.009587666,False,1
DSCAML1,0.0170678,False,0
DSCAS,0.01269493,False,0
DSE,0.01452912,False,0
DSEL,0.022147197,False,0
DSG1,0.034360547,False,0
DSP,0.012740064,True,0
DST,0.010994407,True,0
DSTN,0.01614204,False,0
DTWD2,0.013910702,False,0
DTX3L,0.001959801,False,0
DTX4,0.015691722,False,0
DUSP1,0.04759062,False,0
DUSP10,0.020512667,True,0
DUSP14,0.01832378,False,0
DUSP19,0.02442409,False,0
DUSP2,0.030198686,True,0
DUSP22,0.034890648,False,0
DYNC1I1,0.013955652,False,0
DYNLRB2,0.016179547,False,0
DYRK3,0.021944948,False,1
DYSF,0.014210369,True,0
DZIP1L,0.010709306,False,0
E2F1,0.009055512,False,0
E2F2,0.010164696,False,0
E2F3,0.007939504,False,0
E2F4,0.014747738,False,0
E2F5,0.018135209,False,0
E2F6,0.02429161,False,0
E2F7,0.021177398,True,0
E4F1,0.005839875,False,0
EBF1,0.0188708,False,0
EBF2,0.017075926,False,0
EBF3,0.0096222935,False,0
EBF4,0.015297882,False,0
ECE1,0.018315624,True,0
ECE2,0.030076751,False,0
ECEL1,0.019526035,True,0
ECM2,0.013925048,False,0
ECT2,0.015524513,False,0
EDA,0.00035672975,False,0
EDA2R,0.012041713,False,0
EDAR,0.021698592,False,0
EDIL3,0.0010227629,True,0
EDN1,0.015570669,False,0
EDN3,0.012045945,False,0
EDNRA,0.012034035,False,0
EDNRB,0.0073021282,True,0
EDNRB-AS1,0.041828487,False,0
EEF1A1,0.011807705,False,0
EEF2K,0.0109289335,False,0
EEPD1,0.011949715,False,0
EFCAB11,0.010418653,True,0
EFCAB2,0.014835133,False,0
EFEMP1,0.010285839,False,0
EFHC1,0.0025920407,False,0
EFHC2,0.016281294,False,0
EFHD2,0.007362315,False,0
EFL1,0.027267938,False,0
EFNA1,0.021043185,False,0
EFNA5,0.009120085,False,0
EFNB2,0.024471918,False,0
EFNB3,0.019482497,False,0
EFR3B,0.015913587,False,0
EGF,0.026223037,True,0
EGFR,0.027175352,False,0
EGLN3,0.028134357,False,0
EGOT,0.04572821,False,0
EGR1,0.02498003,True,0
EGR2,0.013941388,False,0
EGR3,0.015488261,False,0
EGR4,0.0114136515,False,0
EHBP1,0.019018011,False,0
EHD2,0.031352464,True,0
EHD4,0.020420048,False,0
EHF,0.016497882,False,0
EIF1,0.028220054,True,0
EIF3E,0.025638726,False,0
EIF4A1,0.02215581,False,0
EIF4A3,0.013765425,False,0
EIF4EBP1,0.030292997,False,0
EIF4H,0.008061259,False,0
EIF5A2,0.016768273,False,0
EIF5B,0.017915582,False,0
ELAVL4,0.011636925,True,0
ELF1,0.010578511,False,0
ELF2,0.00921762,False,0
ELF3,0.01904098,True,0
ELF4,0.017685207,True,0
ELK1,0.019258227,False,0
ELK3,0.00032813507,True,0
ELK4,0.017621608,True,0
ELL2,0.012037239,False,0
ELMO1,0.001454585,False,0
ELMO1-AS1,0.026296921,True,0
ELMOD1,0.022552699,False,0
ELMSAN1,0.015489308,False,0
ELN,0.0215062,False,0
ELOVL2,0.02430712,False,0
ELOVL2-AS1,0.013346537,True,0
ELOVL4,0.015080219,False,0
ELOVL5,0.013538566,True,0
ELOVL6,0.034086,True,0
ELOVL7,0.0117813,False,0
EMB,0.01397079,False,0
EML1,0.025723869,False,0
EML6,0.021265855,False,0
EMP1,0.009318144,False,0
EMP2,0.0181364,False,0
EMX1,0.013447226,False,0
EMX2,0.012779799,True,0
EN2,0.00617694,False,0
ENAH,0.025552887,False,0
ENHO,0.008136475,False,0
ENKUR,0.020640187,False,0
ENO1,0.017085085,False,0
ENOSF1,0.0052542733,False,0
ENOX1,0.015283459,False,0
ENOX2,0.0177646,False,0
ENPP1,0.038095757,True,0
ENPP2,0.011977204,True,0
ENPP5,0.0077221976,False,0
EOGT,0.008836373,False,0
EP300,0.01586361,False,1
EPAS1,0.016851075,True,0
EPB41,0.03715657,False,1
EPB41L3,0.002106135,False,0
EPB41L4A,0.02909857,False,0
EPHA3,0.020235073,False,0
EPHA4,0.022654135,False,0
EPHA5,0.031562246,False,0
EPHA6,0.013756616,False,0
EPHA7,0.0047659674,False,0
EPHB1,0.023093475,False,0
EPHB2,0.0027290275,False,0
EPHX4,0.023470141,False,0
EPS8,0.020234073,False,0
EPSTI1,0.049118403,False,0
ERAP2,0.0111342445,False,0
ERBB4,0.01769729,True,0
ERC2,0.00090113416,False,0
ERF,0.013202467,False,1
ERG,0.011072154,True,0
ERI1,0.024737783,True,0
ERICH5,0.00914342,False,0
ERICH6,0.0136618465,False,0
ERO1A,0.014329486,False,0
ERO1B,0.029630655,True,0
ERRFI1,0.03047413,False,0
ESR1,0.015874857,False,0
ESR2,0.012163415,True,1
ESRP2,0.010034202,False,0
ESRRA,0.01391837,False,0
ESRRB,0.008436791,True,0
ESRRG,0.010993525,False,0
ESYT2,0.0089433035,False,0
ETNPPL,0.013160836,False,0
ETS1,0.008748208,False,0
ETS2,0.013542235,True,0
ETV1,0.017478578,False,0
ETV2,0.0065038106,False,0
ETV3,0.03699562,False,0
ETV4,0.009762676,False,0
ETV5,0.024884427,True,0
ETV6,0.029141864,False,0
ETV7,0.031982005,False,0
EVA1C,0.0017105466,True,0
EVC2,0.02306843,False,1
EXD1,0.008050121,False,0
EXO5,0.033890676,False,0
EXOC6,0.008186694,False,0
EXPH5,0.04536726,False,0
EXT1,0.0059363176,False,0
EXTL3,0.035885576,False,0
EYA1,0.014711117,True,0
EYS,0.03634018,False,0
EZH2,0.02723995,False,0
EZR,0.0502763,False,0
F11,0.02997008,False,0
F11-AS1,0.024166083,True,0
F3,0.0026118339,True,0
FA2H,0.013660092,False,0
FAAH2,0.017212793,False,0
FABP5,0.061668057,False,0
FABP7,0.03757597,True,0
FADS1,0.031858,False,0
FADS2,0.020214844,False,0
FAM102B,0.00079233793,True,0
FAM107B,0.026190536,False,0
FAM110B,0.037499357,True,0
FAM110C,0.0056381915,False,0
FAM110D,0.021619963,False,0
FAM114A1,0.008665539,True,0
FAM117A,0.009928795,False,0
FAM126A,0.029401623,False,0
FAM135B,0.012004427,False,0
FAM138B,0.018662222,False,0
FAM155A,0.030449696,False,0
FAM160A1,0.032668173,False,0
FAM167A-AS1,0.020849751,False,0
FAM171B,0.012172745,False,0
FAM174B,0.0062384973,False,0
FAM177B,0.0146883,False,0
FAM181B,0.016890602,True,0
FAM184A,0.007558461,False,0
FAM184B,0.007961595,False,0
FAM189A1,0.012616321,False,0
FAM189A2,0.045259852,True,1
FAM209A,0.012933311,False,0
FAM20C,0.021619268,False,0
FAM221B,0.042120192,False,0
FAM222A-AS1,0.011552987,False,0
FAM227B,0.008843961,False,0
FAM49A,0.013269104,False,0
FAM49B,0.023619134,False,0
FAM53A,0.018436465,False,0
FAM78B,0.023640709,False,0
FAM81A,0.012035939,False,0
FAM98A,0.033323757,True,0
FANCB,0.021273648,False,0
FANCC,0.02270732,False,0
FANCD2OS,0.03000179,True,0
FANCI,0.029764948,True,0
FANCL,0.013780588,False,0
FANK1,0.02668662,False,0
FAP,0.02506773,False,0
FAS,0.020730464,False,0
FAT1,0.014584614,False,0
FAT4,0.009609833,False,0
FAXC,0.022766538,False,0
FBLN1,0.012006978,False,0
FBLN5,0.014975054,True,0
FBN1,0.010493344,True,0
FBN2,0.01799627,True,0
FBXL14,0.027945524,True,0
FBXL19,0.02105129,False,0
FBXL2,0.031050947,False,0
FBXL22,0.02967081,False,0
FBXL7,0.020910114,False,0
FBXO28,0.023638625,False,0
FBXO32,0.011647504,False,0
FBXO34,0.015074419,True,0
FBXW7,0.015760668,False,0
FCER2,0.010023432,True,0
FCGR2A,0.013195454,True,0
FCMR,0.011078667,False,0
FDFT1,0.0052378057,False,0
FEM1C,0.00798795,False,0
FEZ1,0.008382687,False,0
FEZF2,0.011323348,False,0
FGD1,0.0060930187,False,0
FGD3,0.00506676,False,0
FGF1,0.036208324,False,0
FGF12,0.005427108,False,0
FGF13,0.019423284,False,0
FGF14,0.017921759,False,0
FGF2,0.020842241,True,0
FGF23,0.021159524,False,0
FGF9,0.044078927,False,0
FGFR1,0.015748532,False,0
FHDC1,0.009976287,False,0
FHL1,0.04372313,False,0
FHL2,0.08421064,False,0
FIGN,0.0023577914,False,0
FILIP1L,0.020134753,True,0
FIP1L1,0.019546345,False,0
FIZ1,0.0008868508,False,0
FJX1,0.018550284,True,0
FKBP1A,0.022290131,False,0
FKBP5,0.016886123,True,0
FLG2,0.022612438,True,0
FLI1,0.029444465,False,0
FLNA,0.013735542,False,0
FLNB,0.008712089,False,0
FLNC,0.02065577,True,0
FLRT2,0.036868,False,0
FLT1,0.0140872635,False,0
FLVCR2,0.04683212,False,0
FMN1,0.018032322,False,0
FMNL3,0.014727396,False,0
FN1,0.005532273,False,1
FNBP1,0.017803404,False,0
FNBP1L,0.025564156,False,0
FNIP2,0.014328118,True,0
FOS,0.050673008,False,0
FOSB,0.009485704,False,0
FOSL1,0.013373313,True,0
FOSL2,0.009007847,False,0
FOXC1,0.030230112,False,0
FOXD1,0.023733802,False,0
FOXD2,0.015716081,False,0
FOXD4,0.018263286,False,0
FOXD4L3,0.020770712,False,0
FOXE1,0.012505642,False,0
FOXF1,0.019959755,False,0
FOXF2,0.009595258,True,0
FOXG1,0.011021153,False,0
FOXG1-AS1,0.024008194,False,0
FOXH1,0.025990484,False,0
FOXJ2,0.014273189,False,0
FOXJ3,0.00971665,True,0
FOXK1,0.010099235,False,0
FOXK2,0.019998558,False,0
FOXM1,0.0103307655,False,0
FOXN2,0.0169691,False,0
FOXN3,0.01604229,False,0
FOXO1,0.016385993,False,1
FOXO3,0.023556866,False,0
FOXO6,0.006331688,False,0
FOXP1,0.008039152,False,0
FOXP1-AS1,0.03643186,True,0
FOXP2,0.030498471,True,0
FOXP4,0.013532404,False,0
FOXS1,0.020257002,False,0
FREM1,0.020910123,False,0
FREM2,0.020389192,False,0
FRMD3,0.004778323,False,0
FRMD4A,0.024096072,False,0
FRMD4B,0.0039265705,False,0
FRMD5,0.021351734,False,0
FRMD6,0.022092886,True,0
FRMD6-AS2,0.0009262228,False,0
FRMD8,0.006584476,False,0
FRMPD1,0.0102360295,False,0
FRMPD2,0.0076478175,False,0
FRMPD3,0.012647605,False,0
FRY,0.020272275,False,0
FRZB,0.013938109,False,0
FSCN3,0.046348974,False,0
FSD1L,0.016376812,False,0
FSIP2,0.02031143,False,0
FSTL3,0.0063470933,False,0
FSTL4,0.022375017,False,0
FSTL5,0.011062255,False,0
FTCDNL1,0.01460426,False,0
FUOM,0.013693877,False,0
FUT10,0.023441922,False,0
FUT3,0.0130267115,False,0
FUT6,0.020356672,False,0
FUT9,0.010464913,False,0
FXYD1,0.016825687,False,0
FXYD6,0.024657886,True,0
FXYD7,0.017569475,False,0
FZD10,0.020698939,True,0
FZD8,0.034138963,False,0
G0S2,0.00850023,False,0
GAB2,0.00920595,False,0
GAB3,0.016597645,False,0
GABARAPL1,0.030127592,False,0
GABBR2,0.029564861,True,0
GABPB1,0.019720202,False,0
GABRA2,0.04433201,False,0
GABRA4,0.0401249,False,0
GABRA5,0.01628399,False,0
GABRB3,0.03145549,False,0
GABRD,0.007744672,False,0
GABRG1,0.015997913,False,0
GABRG2,0.01547444,False,0
GABRG3,0.02095045,True,0
GAD2,0.018873414,False,0
GADD45A,0.009769141,True,0
GADD45B,0.00065403146,True,0
GADD45G,0.0071773236,False,0
GALM,0.013253469,False,0
GALNT10,0.027032783,False,0
GALNT13,0.019549249,False,0
GALNT15,0.020020066,False,0
GALNT16,0.021299515,False,0
GALNT2,0.0041073402,False,0
GALNT3,0.044103637,True,0
GALNT7,0.025013307,False,0
GALNTL6,0.02378465,False,0
GAN,0.008587499,True,0
GAP43,0.030469453,False,0
GAPDH,0.034509603,False,0
GAR1,0.008441539,False,0
GAREM1,0.027612947,False,0
GARS,0.010096333,False,0
GAS2,0.024309797,False,0
GAS7,0.007804073,False,0
GATA1,0.021392616,True,0
GATA6,0.020898715,False,0
GATAD1,0.01894663,False,0
GATAD2A,0.02097852,False,0
GBE1,0.027124476,False,0
GBP1,0.013668312,False,0
GBP2,0.00096923474,False,0
GBP3,0.031802803,False,0
GBP4,0.022097053,True,0
GBP5,0.059073467,False,0
GBP6,0.021184932,False,0
GBX1,0.02282403,False,0
GCC2-AS1,0.008649058,False,0
GCH1,0.0198019,False,0
GCLM,0.04680688,True,0
GCM1,0.006533883,False,0
GCM2,0.055889204,False,0
GCNT1,0.017283792,False,0
GCNT2,0.007569049,False,0
GCNT4,0.026593693,False,0
GDF10,0.018455967,True,0
GEM,0.01705151,False,0
GEN1,0.012212555,False,0
GFAP,0.025581172,False,0
GFI1,0.021218352,False,0
GFOD1,0.009527587,False,0
GFPT2,0.02164577,True,0
GFRA1,0.020803649,True,0
GFRA2,0.010355326,False,0
GGT5,0.009473999,False,0
GHR,0.0038791145,False,0
GINS3,0.026437776,True,0
GJA1,0.005731964,False,0
GJB6,0.032236915,True,0
GJC1,0.022523636,False,0
GLCCI1,0.023013923,False,0
GLCE,0.028433096,False,0
GLDN,0.013946749,False,0
GLI1,0.020272506,False,0
GLI2,0.015784591,False,0
GLI3,0.00693272,False,0
GLIPR2,0.013729839,True,0
GLIS2,0.016914453,False,0
GLIS3,0.00080952025,False,0
GLRA1,0.019965513,True,0
GLRB,0.01761985,False,0
GLRX,0.034291796,False,0
GLUL,0.009413702,False,0
GMCL1,0.015536753,True,0
GMDS,0.051531978,False,0
GMEB2,0.0047540786,False,0
GMFG,0.02392297,True,0
GMIP,0.038561303,False,0
GMNC,0.026120322,True,0
GMNN,0.024358578,False,0
GMPR,0.015224124,False,0
GNA12,0.03003413,True,0
GNA14,0.028527722,False,0
GNA14-AS1,0.009759081,False,0
GNAI1,0.016283264,False,0
GNAI3,0.0069665336,False,0
GNAL,0.0122935865,False,0
GNB4,0.03482901,False,0
GNE,0.037334092,False,0
GNG11,0.0003451999,False,0
GNG12-AS1,0.025686104,False,0
GNG4,0.015699774,False,0
GNL1,0.008222994,False,0
GNL3,0.015880408,False,0
GNLY,0.008660817,True,0
GNS,0.007466274,False,0
GOLPH3L,0.0062338524,False,0
GORASP2,0.023950094,True,0
GOT1,0.027842075,False,0
GPANK1,0.0069033215,False,0
GPAT3,0.012948538,False,0
GPBP1L1,0.024013076,False,0
GPC4,0.021206245,False,0
GPC5-AS2,0.008871371,False,0
GPC6,0.0032866488,False,0
GPD1L,0.010435765,False,0
GPI,0.010005737,True,0
GPM6A,0.0010092343,False,0
GPR135,0.024575796,False,0
GPR146,0.01464956,False,0
GPR151,0.006878319,False,0
GPR158,0.0007366008,False,0
GPR161,0.02123295,False,0
GPR176,0.008823478,False,0
GPR3,0.015989112,False,0
GPR37L1,0.010564017,False,0
GPR39,0.020555086,False,0
GPR63,0.008371914,True,0
GPR68,0.008184015,False,0
GPRC5A,0.017890347,False,0
GPRIN3,0.018116347,False,1
GPX3,0.030734697,False,0
GRAP2,0.021390986,True,0
GRB10,0.020886682,False,0
GRB14,0.032367457,False,0
GREM2,0.024132608,True,0
GRHL1,0.019163925,False,0
GRHL2,0.0137935355,False,0
GRHL3,0.022354018,False,0
GRIA1,0.013674594,False,0
GRIA4,0.013431053,False,0
GRID2,0.011586747,False,0
GRIFIN,0.01308558,False,0
GRIK1,0.024343686,False,0
GRIK4,0.021101408,False,0
GRIN1,0.03634263,True,0
GRIN2A,0.006851223,False,0
GRIN2B,0.025017211,False,1
GRIN2D,0.0134754805,False,0
GRIN3A,0.016850395,False,0
GRM1,0.01728355,True,0
GRM3,0.014562542,False,0
GRM5,0.0112731345,False,0
GRM5-AS1,0.045869216,True,0
GRM7,0.02364778,True,0
GRM8,0.042592507,False,0
GSE1,0.0037406588,False,0
GSG1,0.034657866,False,0
GSK3A,0.01614385,False,0
GSPT2,0.012497212,False,0
GSTCD,0.026360711,False,0
GSX2,0.010634911,False,0
GTDC1,0.023487002,False,0
GTF2A1,0.012034216,True,0
GTF2A2,0.022618173,True,0
GTF2B,0.021869842,False,0
GTF2F1,0.021952696,False,0
GTF2H3,0.01825179,True,0
GTF2I,0.010641385,False,0
GTF2IRD1,0.01494613,True,0
GTF3C2,0.011909449,False,0
GTF3C5,0.014744427,False,0
GTPBP1,0.0051506874,False,0
GTPBP8,0.00946831,True,0
GUCY1A2,0.037432905,False,0
GULP1,0.029750694,True,0
GYG2,0.007171577,False,0
GYPC,0.014472207,False,0
GYS1,0.015027532,False,0
GZF1,0.01793383,False,0
H1FX,0.012768369,True,0
H2AFY2,0.0061465134,False,0
H2AFZ,0.0077625085,False,0
H3F3B,0.011565474,False,0
HAMP,0.028796528,False,0
HAP1,0.024884567,True,0
HAPLN1,0.011386717,False,0
HAVCR2,0.013326401,False,0
HBP1,0.014349543,False,0
HCFC1,0.013770772,False,0
HCFC1-AS1,0.018062301,False,0
HCG9,0.00899793,False,0
HCLS1,0.022236826,False,0
HCN1,0.012794824,True,0
HCN2,0.01901832,False,0
HDAC2,0.023020323,False,0
HDAC3,0.028055036,False,0
HDAC9,0.00694586,False,0
HDX,0.01212492,False,0
HECTD2,0.017108243,True,0
HECW1,0.0016470602,False,0
HECW2,0.0102387685,False,0
HELB,0.014883429,False,0
HELZ2,0.03425837,False,0
HEPN1,0.012054551,False,0
HERC3,0.045588404,False,0
HERC5,0.010939824,True,0
HERC6,0.05722879,False,0
HES1,0.03321513,False,0
HES2,0.02605335,False,0
HES4,0.013789565,False,0
HES5,0.019545874,False,0
HESX1,0.001208559,False,0
HEY1,0.005751596,False,0
HEY2,0.02147775,False,0
HEYL,0.0038710379,False,0
HFM1,0.040833108,False,0
HGF,0.002684908,False,0
HHAT,0.012772408,False,0
HHATL,0.0070508905,False,0
HHIP,0.01652043,False,0
HHIPL1,0.010591825,False,0
HIC1,0.0020168014,False,0
HIC2,0.023299918,False,0
HIF1A-AS1,0.011296043,False,0
HIF3A,0.007556193,False,0
HILPDA,0.027067933,False,0
HINFP,0.011476145,True,0
HIST1H2AC,0.020088509,False,0
HIST1H2BD,0.08452047,False,0
HIST1H2BN,0.013498061,False,0
HIST2H2AB,0.020698214,False,0
HIST2H2BE,0.041282047,True,0
HIVEP1,0.009675099,True,0
HIVEP2,0.008627775,False,0
HIVEP3,0.00732238,False,0
HK1,0.025421211,True,0
HK2,0.020107869,True,0
HKDC1,0.018198762,False,0
HLA-A,0.012935108,True,0
HLA-B,0.04058695,False,0
HLA-DRA,0.024941297,False,0
HLA-E,0.029181654,True,0
HLCS,0.016894143,False,0
HLF,0.028626325,False,0
HLTF,0.01274685,True,0
HLX,0.026946716,False,0
HLX-AS1,0.015849942,False,0
HMBOX1,0.0117748305,True,0
HMCES,0.017667266,True,0
HMCN1,0.032631263,True,0
HMCN2,0.0067339363,False,0
HMG20A,0.01525067,False,0
HMGA1,0.02332462,False,0
HMGA2,0.018364914,False,0
HMGB1,0.01720434,False,0
HMGB2,0.015022536,False,0
HMGB3,0.017541923,False,0
HMGCLL1,0.020413684,False,0
HMGCR,0.021691894,False,1
HMGCS1,0.02394894,True,0
HMGN5,0.021756006,False,0
HMGXB3,0.014706977,False,0
HMGXB4,0.015835013,False,0
HMOX2,0.026064934,False,0
HMSD,0.009428501,False,0
HMX1,0.020474445,False,0
HMX3,0.02973784,False,0
HNF1B,0.027500324,False,0
HNF4A,0.017681506,True,0
HNF4G,0.01045779,True,0
HNMT,0.0017410797,False,0
HNRNPA0,0.016023275,False,0
HNRNPA1,0.013918259,False,0
HNRNPC,0.006065719,False,0
HNRNPH3,0.027054975,False,0
HNRNPLL,0.012339214,False,0
HNRNPUL1,0.007269096,False,0
HOMER1,0.019268768,True,0
HOOK1,0.01837571,False,0
HOPX,0.022121556,True,0
HORMAD2,0.010951512,True,0
HOXA10,0.010894823,True,0
HOXB3,0.014594244,False,0
HP,0.013325724,False,0
HP1BP3,0.016624454,False,0
HPCAL1,0.0121503,False,0
HPS5,0.028453652,False,0
HPSE2,0.018596806,False,0
HRC,0.022068191,False,0
HRK,0.010327384,False,0
HS3ST3A1,0.010951341,False,0
HS3ST3B1,0.016547363,False,0
HS3ST4,0.03262487,False,0
HS6ST2,0.005006758,True,0
HSD11B1,0.011762851,False,0
HSD17B14,0.02349586,True,0
HSD17B7,0.014974048,False,0
HSF2,0.030697353,False,0
HSP90AA1,0.012740551,True,0
HSP90AB1,0.014895053,False,0
HSP90B1,0.015830914,False,0
HSPA1A,0.022925809,True,0
HSPA1B,0.017609611,False,0
HSPA1L,0.003948568,False,0
HSPA4L,0.022655753,True,0
HSPA5,0.010225019,False,0
HSPA8,0.018318564,True,0
HSPB1,0.015911259,False,0
HSPB8,0.02006649,False,0
HSPH1,0.015665589,False,0
HTR4,0.017474743,False,0
HTRA4,0.013737848,True,0
HTT-AS,0.028112011,False,0
HUNK,0.016789889,False,0
HYAL2,0.0011140959,False,0
HYOU1,0.021578506,False,0
IARS,0.011050691,False,0
ICA1,0.007959038,False,0
ICAM1,0.004060938,True,1
ID1,0.020274715,True,0
ID2,0.0045945244,False,0
ID3,0.0048379498,False,0
ID4,0.013077006,False,0
IER2,0.07175747,True,0
IER5L,0.019098355,False,0
IFFO2,0.0141798165,False,0
IFI16,0.01281094,False,0
IFI44,0.023603106,False,0
IFI44L,0.02527566,True,0
IFI6,0.06455564,False,0
IFIH1,0.0140465265,False,0
IFIT1,0.026727194,True,0
IFIT2,0.028772239,False,0
IFIT3,0.024250422,False,0
IFIT5,0.015835667,False,0
IFITM2,0.011722389,False,0
IFITM3,0.08080663,False,0
IFNGR2,0.009333471,False,0
IFNLR1,0.01618126,False,0
IFRD1,0.015183244,False,0
IFT80,0.031734608,False,0
IGDCC3,0.016502043,True,0
IGF2BP2,0.016934033,False,0
IGFBP2,0.023811076,True,0
IGFBP3,0.028940244,True,0
IGFBP5,0.010950871,False,0
IGFBP6,0.01710841,False,0
IGFBP7,0.00079332426,True,0
IGFN1,0.012673783,False,0
IGSF11,0.0047012633,False,0
IGSF21,0.021579402,True,0
IGSF3,0.027319646,False,0
IGSF5,0.010148311,False,0
IKBIP,0.03769628,False,1
IKZF1,0.0064007184,False,0
IKZF2,0.01905662,True,0
IKZF3,0.016266104,False,0
IKZF4,0.006722894,False,0
IKZF5,0.005073873,False,0
IL12A,0.009446037,True,0
IL12A-AS1,0.038825214,False,0
IL12RB2,0.008431598,False,0
IL15,0.0294299,True,0
IL15RA,0.008345134,False,0
IL17RD,0.011337636,False,0
IL18BP,0.0068784435,False,0
IL18R1,0.0070243827,False,0
IL1R1,0.005304461,False,0
IL1RAP,0.010071861,False,0
IL1RAPL1,0.03067939,False,0
IL1RAPL2,0.0003996567,False,0
IL20RA,0.009886243,False,0
IL20RB,0.01503719,False,0
IL21R,0.01741641,False,0
IL33,0.0038918229,False,0
IL6R,0.01304382,True,0
IL7R,0.010546011,False,0
ILF2,0.022172408,False,0
ILF3,0.0073178825,True,0
IMPDH2,0.019537877,False,0
ING3,0.022327773,True,0
ING4,0.028176378,False,0
INHBA,0.023420565,True,0
INPP4B,0.019047063,False,0
INPP5D,0.02212093,False,0
INPP5F,0.015841145,False,0
INSC,0.013100356,False,0
INSIG1,0.0008735749,False,0
INSM1,0.0045951107,False,0
INTS6,0.026902745,False,0
INTS6L,0.01239811,True,0
IP6K1,0.012595868,False,0
IPCEF1,0.040118672,False,0
IPMK,0.018312417,True,0
IPO9-AS1,0.017298102,False,0
IQCA1,0.029301202,False,0
IQCA1L,0.015429231,False,0
IQCD,0.020023558,True,0
IQCH-AS1,0.038778137,False,0
IQGAP2,0.012799192,False,0
IQUB,0.018985756,False,0
IRAK3,0.026797142,False,0
IRF1,0.049793683,False,0
IRF2,0.008443311,False,0
IRF2BP1,0.025940953,False,0
IRF3,0.013695331,False,0
IRF4,0.018236496,False,0
IRF5,0.015277762,True,0
IRF7,0.0067180684,False,0
IRF8,0.018872127,False,0
IRF9,0.00967854,False,0
IRS1,0.019436834,False,1
IRS2,0.0077125905,False,0
IRX1,0.021278393,False,1
IRX3,0.008365345,False,0
IRX4,0.023612088,True,0
ISG15,0.021118548,False,0
ISLR,0.041776113,True,0
ITGA1,0.01597011,True,0
ITGA3,0.030466042,False,0
ITGA4,0.027363796,False,0
ITGA5,0.0030413438,False,0
ITGA6,0.016235452,False,1
ITGAM,0.02189239,False,0
ITGAV,0.029319186,False,0
ITGAX,0.024816826,False,0
ITGB1,0.007973762,False,0
ITGB3BP,0.008358044,False,0
ITGBL1,0.012327295,False,0
ITIH5,0.022200514,True,0
ITK,0.06300984,False,0
ITM2B,0.025295641,False,0
ITM2C,0.01891463,False,0
ITPKC,0.013928675,False,0
ITPR1,0.007320668,False,0
ITPR2,0.013289973,False,0
JADE1,0.025688723,False,0
JAK2,0.024016988,False,0
JAK3,0.021278601,True,0
JAM2,0.0123218745,False,0
JAM3,0.012417292,False,0
JARID2-AS1,0.00817414,False,0
JAZF1,0.014752388,False,0
JDP2,0.0065206117,False,0
JPH3,0.030020256,False,0
JRK,0.034687635,False,0
JUN,0.022111509,False,0
JUNB,0.013209191,True,0
JUND,0.009514573,False,0
KALRN,0.01693124,False,0
KANSL1-AS1,0.018175831,True,0
KAT7,0.012753194,False,0
KAZN,0.016260616,False,0
KCNAB2,0.030598227,True,0
KCNB2,0.0059330915,False,0
KCNC1,0.016351167,False,0
KCND1,0.02276706,True,0
KCND3,0.0116303675,False,0
KCNE1,0.020652257,False,0
KCNE3,0.0027537304,False,0
KCNE4,0.014729881,False,0
KCNE5,0.030422911,False,0
KCNG2,0.019983713,True,0
KCNG3,0.012436417,False,0
KCNH7,0.026522446,False,0
KCNH8,0.015034619,False,0
KCNIP1,0.01382544,False,0
KCNIP4,0.00029637106,False,0
KCNJ16,0.011864139,True,0
KCNJ2,0.012000638,False,0
KCNJ3,0.015848596,False,0
KCNK1,0.0022073416,True,0
KCNK13,0.026614724,False,0
KCNMB2,0.021386685,False,0
KCNN2,0.013101631,True,0
KCNN3,0.026689015,False,0
KCNQ3,0.009526075,False,0
KCNQ5,0.019137947,False,0
KCNT2,0.026454879,False,0
KCTD1,0.021446738,False,0
KCTD14,0.029529503,False,0
KCTD16,0.017501045,False,0
KCTD3,0.019656917,True,0
KCTD8,0.014228959,False,0
KDM2A,0.012496994,False,0
KDM3A,0.019152725,False,0
KDM4A,0.016735418,False,0
KDM4A-AS1,0.025664765,True,0
KDM4B,0.02662129,True,0
KDM4C,0.019719025,False,0
KDM6B,0.011580532,False,0
KDM7A,0.03109883,False,0
KHDRBS2,0.008901408,False,0
KHDRBS3,0.02094261,False,0
KIAA0040,0.023436483,False,0
KIAA0895,0.0061342157,False,0
KIAA1217,0.0009946415,False,0
KIAA1549,0.06039688,True,0
KIF13B,0.012555173,False,0
KIF20B,3.0894662e-05,False,0
KIF22,0.02177574,True,0
KIF24,0.012319403,True,1
KIF25,0.015554114,False,1
KIF26B,0.018653547,False,0
KIF5C,0.0114210155,False,0
KIF6,0.0086670825,False,1
KIRREL3,0.021705523,False,0
KIT,0.013898443,False,0
KLF10,0.00033140625,False,0
KLF11,0.021828841,False,0
KLF12,0.010847482,False,1
KLF13,0.018446596,False,0
KLF15,0.019276962,False,0
KLF16,0.004265615,False,0
KLF17,0.0128759425,True,0
KLF2,0.01763516,False,0
KLF3,0.009280359,True,0
KLF3-AS1,0.031380307,True,0
KLF4,0.03844595,False,0
KLF5,0.016606154,True,0
KLF6,0.015517379,False,0
KLF7,0.016289422,False,0
KLF8,0.011379059,False,0
KLHDC8A,0.009065874,False,0
KLHL1,0.014100808,False,0
KLHL13,0.010120309,False,0
KLHL15,0.044267938,True,0
KLHL2,0.029861461,False,0
KLHL29,0.013581179,False,0
KLHL32,0.013687186,True,0
KLHL4,0.024752319,False,0
KLHL6,0.01095179,True,0
KLHL8,0.02065244,False,0
KLKB1,0.0059369868,False,0
KLRC2,0.02984487,True,0
KLRC3,0.008134329,False,0
KLRG1,0.09042358,False,0
KMT2A,0.011367629,False,0
KMT2B,0.01118103,False,0
KPNA2,0.025173787,False,0
KREMEN1,0.0068056295,False,0
KRTDAP,0.011153466,False,0
KTN1-AS1,0.0318172,False,0
L3MBTL3,0.028994516,False,0
L3MBTL4,0.017292265,True,0
LAIR1,0.019419938,False,0
LAMA1,0.0138696795,False,1
LAMA2,0.024662016,False,1
LAMB1,0.012340115,False,0
LAMC1,0.038881645,False,0
LAMC2,0.013745397,False,0
LANCL2,0.033119757,False,0
LANCL3,0.019735329,False,0
LAPTM5,0.019234512,False,0
LARP1B,0.009647229,False,0
LARP4,0.024331287,False,0
LAS1L,0.027650815,False,0
LCA5,0.011617035,False,0
LCOR,0.016735788,False,0
LCORL,0.017111106,False,0
LCP1,0.009101503,False,0
LCP2,0.0060449666,False,0
LDHA,0.014477759,True,0
LDLR,0.020236583,False,0
LDLRAD4,0.030521799,True,0
LEF1,0.005889483,False,0
LEFTY2,0.007080667,False,0
LEKR1,0.0019450152,True,0
LEPR,0.020806283,True,0
LGALS2,0.013210758,True,0
LGALS3,0.013400855,False,0
LGMN,0.0274312,False,0
LGR4,0.010965466,False,0
LGR6,0.021847839,True,0
LHCGR,0.017750144,True,0
LHFPL2,0.019653294,True,0
LHFPL3,0.0053800186,False,0
LHFPL6,0.02278955,True,0
LHX1,0.020959428,False,0
LHX2,0.012112887,False,0
LHX4,0.011339455,False,0
LHX5,0.0025856465,False,0
LHX6,0.017905995,False,0
LIFR-AS1,0.009050062,False,0
LILRA1,0.014531598,False,0
LIMD1,0.014383749,False,0
LIMS1,0.0076424633,False,0
LIN54,0.014338425,False,0
LIN7A,0.02897293,False,0
LIN9,0.024716156,True,0
LINC00051,0.01360845,False,0
LINC00222,0.0031337615,False,0
LINC00240,0.012411948,False,0
LINC00271,0.025650673,False,0
LINC00276,0.015263193,False,0
LINC00298,0.014212182,False,0
LINC00378,0.011893283,False,0
LINC00457,0.010926558,False,0
LINC00499,0.011096904,False,0
LINC00511,0.011135369,False,0
LINC00520,0.022670722,True,0
LINC00551,0.007304911,False,0
LINC00578,0.01293204,False,0
LINC00581,0.02063716,False,0
LINC00588,0.025099972,False,0
LINC00598,0.014776624,False,0
LINC00616,0.0068085436,False,0
LINC00618,0.025056487,False,0
LINC00620,0.026019083,False,0
LINC00640,0.019682072,False,0
LINC00844,0.020877007,False,0
LINC00862,0.016156593,True,0
LINC00866,0.0073909494,False,0
LINC00871,0.0049197134,False,0
LINC00877,0.02006589,True,0
LINC00886,0.039252274,False,0
LINC00922,0.021719413,False,0
LINC00943,0.01645344,False,0
LINC00945,0.014803854,False,0
LINC00963,0.0076864804,False,0
LINC00970,0.016600827,False,0
LINC01006,0.025502535,False,0
LINC01031,0.010261199,False,0
LINC01080,0.02068291,True,0
LINC01094,0.0070941406,False,0
LINC01099,0.007863608,False,0
LINC01121,0.014608543,True,0
LINC01122,0.010418245,False,0
LINC01133,0.018950602,False,0
LINC01135,0.018198837,False,0
LINC01141,0.02490581,False,0
LINC01184,0.030912645,True,0
LINC01185,0.011578635,False,0
LINC01191,0.014852169,False,0
LINC01197,0.0057092845,False,0
LINC01198,0.015549429,False,0
LINC01208,0.014029928,False,0
LINC01214,0.008327552,False,0
LINC01237,0.018184967,False,0
LINC01250,0.0096901525,False,0
LINC01271,0.013353974,False,0
LINC01280,0.016458286,False,0
LINC01282,0.013307523,False,0
LINC01285,0.023906961,True,0
LINC01338,0.00830899,False,0
LINC01354,0.008823203,False,0
LINC01376,0.010707421,False,0
LINC01411,0.009178252,False,0
LINC01416,0.01437397,True,0
LINC01422,0.015294832,False,0
LINC01426,0.013379379,False,0
LINC01497,0.03185352,False,0
LINC01500,0.039462306,False,0
LINC01503,0.0378326,False,0
LINC01504,0.015952362,False,0
LINC01551,0.008917686,True,0
LINC01568,0.02376124,False,0
LINC01572,0.0076526245,False,0
LINC01586,0.017301733,False,0
LINC01588,0.02244665,False,0
LINC01605,0.013377459,False,0
LINC01619,0.05271499,True,0
LINC01622,0.007779476,False,0
LINC01814,0.017894251,False,0
LINC01994,0.0021749353,False,0
LINC01995,0.023030305,True,0
LINC02149,0.0096015055,False,0
LINC02447,0.021249125,False,0
LINC02615,0.012454023,True,0
LINGO2,0.022690678,False,0
LIPA,0.0066355974,False,0
LIPE-AS1,0.023691325,False,0
LIPG,0.012364228,False,0
LITAF,0.009260315,True,0
LIX1,0.016934788,False,0
LMCD1,0.009216708,False,0
LMNA,0.012513923,False,0
LMNB1,0.036371432,False,0
LMNB2,0.015066767,False,0
LMNTD1,0.017841391,False,0
LMO1,0.023579633,False,0
LMO2,0.016975377,False,0
LMO3,0.02558035,False,0
LMO7,0.024986424,False,0
LMO7-AS1,0.014732953,False,0
LMOD1,0.0078864535,False,0
LMX1A,0.009918131,False,0
LNX2,0.00656424,False,0
LONRF1,0.007133273,False,0
LONRF3,0.0136911655,False,0
LOXL2,0.012928479,False,0
LOXL4,0.019020643,False,0
LPAR1,0.0015829168,False,0
LPAR6,0.023385301,False,0
LPCAT2,0.0097880205,False,0
LPL,0.007659102,False,0
LPXN,0.02209794,False,0
LRAT,0.023730408,True,0
LRCH1,0.019415844,False,0
LRFN2,0.010018137,False,0
LRFN5,0.01212916,False,0
LRGUK,0.025031162,False,0
LRIF1,0.011190339,False,0
LRIG1,0.0151600875,True,0
LRP12,0.015737148,False,0
LRP2,0.011303455,False,0
LRP8,0.019401012,True,0
LRRC1,0.02164896,False,0
LRRC3,0.021016488,True,0
LRRC3B,0.008572058,True,0
LRRC4C,0.0050889906,False,0
LRRC55,0.017205711,True,0
LRRC69,0.005319926,False,0
LRRC8B,0.0050475667,False,0
LRRC8C,0.03150067,False,0
LRRC8D,0.027201878,False,0
LRRFIP1,0.022538941,False,0
LRRIQ4,0.011336124,True,0
LRRK2,0.04116065,False,0
LRRN1,0.015462862,False,0
LRRN3,0.010296223,False,0
LRRTM3,0.013157986,True,0
LRTM1,0.021748431,False,0
LSAMP,0.0067164516,False,0
LSM6,0.009089413,False,0
LTBP1,0.0005309707,True,0
LTBP4,0.019334545,False,0
LTF,0.016550329,False,0
LUNAR1,0.027027557,False,0
LUZP1,0.010129083,False,0
LUZP2,0.02923134,True,0
LVRN,0.010776203,False,0
LY86,0.025473967,False,0
LYL1,0.0066448064,False,0
LYN,0.04531727,False,0
LYPD1,0.018911868,False,0
LYPD6,0.011368545,False,0
LYPD6B,0.004569941,False,0
LYVE1,0.012730892,False,0
LZTFL1,0.00069278385,False,0
MAB21L3,0.016379545,False,0
MAEL,0.027568063,False,0
MAF,0.0087920735,False,0
MAFA,0.013753687,False,0
MAFB,0.030924805,False,0
MAFF,0.01536612,True,0
MAFG,0.024635978,True,0
MAFK,0.012408999,False,0
MAGEC3,0.03485438,False,0
MAGEF1,0.016808769,False,0
MAGI1,0.027065575,False,0
MAGI2,0.017139276,False,0
MAGOH,0.009399287,False,0
MAGOHB,0.02705508,False,0
MALRD1,0.015886072,False,0
MAML3,0.03866806,False,0
MAMLD1,0.018228948,False,0
MAN1A1,0.01318228,False,0
MAN1A2,0.0100094685,False,0
MAN1C1,0.030429509,True,0
MAN2A1,0.014568448,False,0
MANSC4,0.026810806,False,0
MAP1B,0.00899055,False,0
MAP1LC3B,0.0077484106,False,0
MAP1LC3B2,0.015301619,False,0
MAP2,0.019326948,True,0
MAP2K1,0.021513296,False,0
MAP2K3,0.03777754,False,0
MAP2K6,0.02390401,False,0
MAP3K1,0.0050262194,False,0
MAP3K13,0.0086114425,False,0
MAP3K14,0.013766408,False,0
MAP3K8,0.03451612,False,0
MAP3K9,0.021335443,False,0
MAP7D2,0.019282809,False,0
MAPK1,0.014630497,False,0
MAPK4,0.017489562,False,0
MAPKAPK2,0.007880337,False,0
MAPKAPK3,0.020909768,False,0
MAPRE1,0.01941345,False,0
MAPRE2,0.01055598,False,0
MARCH1,0.012572749,True,0
MARCH2,0.02441999,False,0
MARCH3,0.0014336148,True,0
MARCH8,0.012394854,True,0
MARCKSL1,0.01707392,True,0
MARK1,0.021012869,True,0
MASP1,0.017317012,True,0
MAST2,0.024082234,False,0
MATN1,0.0063904827,False,0
MATN2,0.00859173,False,0
MAX,0.021723462,False,0
MAZ,0.009643621,True,0
MBD2,0.013964008,True,0
MBNL3,0.041876342,False,0
MBP,0.026528297,False,0
MCF2,0.0060879355,False,0
MCF2L2,0.016763296,True,0
MCM10,0.007327574,False,0
MCM9,0.018752258,False,0
MCMDC2,0.014780866,False,0
MCTP1,0.021685999,True,0
MCTP2,0.021202696,False,0
MDFIC,0.02424729,False,0
MDGA2,0.014635606,False,0
MDK,0.036135327,False,0
MDM2,0.010849575,False,0
ME1,0.021794891,False,0
MECOM,0.00807121,False,0
MECP2,0.021566559,True,1
MED15,0.013491358,False,0
MEF2A,0.014873799,False,0
MEF2B,0.013234611,True,0
MEF2C,0.019638555,False,0
MEF2C-AS1,0.010282428,True,0
MEF2D,0.011489766,False,0
MEG3,0.015815444,False,0
MEGF6,0.0024948413,False,0
MEI4,0.005106306,False,0
MEIS1,0.0049077338,False,0
MEIS2,0.012044664,False,0
MEIS3,0.009721293,False,0
MEOX1,0.022515014,False,0
MEOX2,0.04305588,True,0
MESP1,0.03024572,False,0
MEST,0.004407388,False,0
MET,0.017280148,False,0
METTL1,0.009120412,False,0
METTL14,0.010178311,False,0
METTL24,0.007277811,False,0
METTL2B,0.018806273,False,0
MEX3A,0.0049515762,False,0
MEX3C,0.02363065,False,0
MFAP4,0.02377394,False,0
MFHAS1,0.005345086,False,0
MFNG,0.0061453194,False,0
MFSD6,0.0214823,True,0
MGA,0.030164203,False,0
MGAM,0.005557335,False,0
MGAT3,0.016242689,False,0
MGAT4A,0.004850646,False,0
MGLL,0.029987888,False,0
MGP,0.038619738,False,0
MIAT,0.008169088,False,0
MID1,0.013661526,False,0
MID1IP1,0.017724497,False,0
MID2,0.011239585,False,0
MIDN,0.014949881,False,0
MIMT1,0.015407448,False,0
MINK1,0.02001214,False,0
MIOS,0.010111757,False,0
MIPOL1,0.014990945,True,0
MIR124-2HG,0.006159186,False,0
MIR155HG,0.039966162,False,0
MIR181A1HG,0.015046969,False,0
MIR193BHG,0.008513557,False,0
MIR2052HG,0.025632394,True,0
MIR34AHG,0.02064842,True,0
MIR4300HG,0.01703856,False,0
MIR4435-2HG,0.019515552,False,0
MIR9-3HG,0.0073596467,False,0
MIS18BP1,0.009210458,True,0
MISP,0.016158376,False,0
MITF,0.022002408,False,0
MIXL1,0.0757996,False,0
MKX,0.007967567,False,0
MLF1,0.00924233,False,0
MLIP,0.056572106,True,0
MLKL,0.016943816,True,0
MLLT10,0.014244711,False,0
MLLT3,0.013360049,True,0
MLXIP,0.014359406,False,0
MMD,0.018033616,False,0
MMD2,0.011851512,False,0
MME,0.016946407,False,0
MMP16,0.031003078,False,0
MMP24,0.010823404,False,0
MMS22L,0.016321192,True,0
MN1,0.020444449,False,0
MNT,0.024189956,True,0
MNX1,0.0137856295,False,0
MOB1B,0.013631634,True,0
MOB3B,0.008975371,False,0
MOB4,0.021822222,True,0
MOCOS,0.027865995,True,0
MOGAT1,0.017084494,False,0
MORC2,0.025159854,False,0
MPO,0.018820494,True,0
MPP5,0.030586433,False,0
MPP6,0.022936497,False,0
MPP7,0.02115249,False,0
MPPED2,0.022012997,False,0
MPZL1,0.017648406,False,0
MPZL3,0.015795803,False,0
MRAS,0.004890081,False,0
MRC1,0.023742964,False,0
MRO,0.01757779,False,0
MROH9,0.026656788,False,0
MRVI1,0.0156040555,False,0
MS4A6A,0.024912719,False,0
MSANTD3,0.048826102,False,0
MSI1,0.05479364,False,0
MSI2,0.018055791,False,0
MSMO1,0.017176032,False,0
MSX1,0.014982273,False,0
MSX2,0.0055771694,False,0
MT1E,0.016342642,False,0
MT1F,0.029179534,False,0
MT1G,0.010512378,False,0
MT1M,0.022077927,False,0
MT1X,0.025679799,True,0
MT2A,0.021856237,False,0
MT3,0.015104332,True,0
MTA3,0.0169443,False,0
MTF1,0.02969824,False,0
MTF2,0.009172097,False,0
MTHFD1,0.023152435,False,0
MTMR2,0.0146780675,False,0
MTMR8,0.013038997,False,0
MTNR1A,0.008755944,False,0
MTSS1,0.04022545,True,0
MTTP,0.014630731,False,0
MTUS2,0.028575884,False,0
MUC1,0.02684374,True,0
MUC6,0.015728388,False,0
MUSK,0.013578278,False,0
MVD,0.009045462,False,0
MVP,0.014006082,False,0
MX1,0.019900128,False,0
MX2,0.005068405,False,0
MXD1,0.014173065,False,0
MXD3,0.010607688,False,0
MXD4,0.018711824,False,0
MXI1,0.033454303,False,0
MXRA8,0.030125737,False,0
MYADM,0.032504544,False,0
MYB,0.026800985,False,0
MYBL1,0.008718065,False,0
MYBPC1,0.00889848,False,0
MYBPC3,0.02176579,False,0
MYBPH,0.035678405,False,0
MYBPHL,0.019586362,False,0
MYC,0.023963628,True,0
MYCL,0.011773836,False,0
MYCN,0.01509768,True,0
MYEF2,0.02659981,False,0
MYF6,0.011230763,True,0
MYH9,0.022990862,False,0
MYLIP,0.024403231,False,0
MYLK,0.021960132,True,0
MYNN,0.03843838,False,0
MYO10,0.03818006,True,0
MYO15A,0.017581297,True,0
MYO16,0.010083988,False,0
MYO1B,0.019793281,True,0
MYO1C,0.016051704,True,0
MYO1D,0.029738814,False,0
MYO1E,0.011137899,False,0
MYO1F,0.013941308,False,0
MYO3A,0.008037224,False,0
MYO5B,0.007790746,False,0
MYO7A,0.027229926,False,0
MYOF,0.020059211,False,0
MYOG,0.0043092584,False,0
MYORG,0.012861217,False,0
MYPOP,0.016043743,True,0
MYRF,0.013066577,False,0
MYRFL,0.010230242,False,0
MYRIP,0.014275376,False,0
MYT1,0.012110615,False,0
MZB1,0.011564383,False,0
N4BP2,0.035388954,False,0
N4BP2L1,0.014759202,False,0
NAA50,0.009166479,False,0
NABP1,0.018505571,False,0
NALCN,0.011220782,False,0
NAMPT,0.012056971,False,0
NANOS1,0.01829264,False,0
NANS,0.014554813,False,0
NAP1L1,0.0105628325,False,0
NAPA,0.031356044,False,0
NAV1,0.018624438,False,0
NCALD,0.015188486,True,0
NCAM2,0.0167763,False,0
NCBP2,0.011290453,False,0
NCEH1,0.030144705,False,0
NCK2,0.019440426,False,0
NCKAP1L,0.025058933,False,0
NCKAP5,0.014214927,False,1
NCL,0.0053757085,False,0
NCOA1,0.0062703625,False,0
NCOA2,0.0077983877,False,0
NCOA3,0.011623897,False,0
NCOA7,0.025050115,False,0
NCOR1,0.008749241,False,0
NCOR2,0.011910599,False,0
NCR3LG1,0.020813854,True,0
NCS1,0.022855295,True,0
NDC1,0.012203257,False,0
NDEL1,0.033131726,False,0
NDFIP2,0.01839996,False,0
NDNF,0.020568278,False,0
NDP,0.013962458,False,0
NDUFA4L2,0.0079493625,False,0
NEAT1,0.01729463,True,0
NEB,0.017495422,True,0
NECTIN1,0.013554332,True,0
NECTIN2,0.008499509,False,0
NEDD4,0.041659318,False,0
NEDD4L,0.02476208,False,0
NEDD9,0.011971736,True,0
NEGR1,0.035316773,False,0
NEK5,0.0069321156,False,0
NELFA,0.017302932,False,0
NELFB,0.019334784,False,0
NELFE,0.016201694,False,0
NETO1,0.01585983,True,0
NETO2,0.028320452,False,0
NEURL1,0.014856285,False,0
NEUROD1,0.014135531,False,0
NEUROD6,0.006526146,False,0
NEXN,0.013525925,False,0
NF1,0.009057669,False,0
NFAM1,0.027473034,True,0
NFASC,0.014729403,False,0
NFAT5,0.01739903,False,0
NFATC1,0.02446901,False,0
NFATC2,0.01939784,False,0
NFATC3,0.037941013,False,0
NFATC4,0.030382957,False,0
NFE2L1,0.0147250565,False,0
NFE2L2,0.00918364,True,0
NFE2L3,0.015034006,False,0
NFIA,0.006831702,False,0
NFIA-AS2,0.022284664,True,0
NFIB,0.0029281974,False,0
NFIC,0.008925689,False,0
NFIL3,0.023393882,False,0
NFIX,0.009211381,False,0
NFKB1,0.012256737,False,0
NFKB2,0.019419879,False,0
NFKBIA,0.0017660334,False,0
NFKBIE,0.017052788,True,0
NFKBIZ,0.000815333,False,0
NFX1,0.013777458,True,0
NFYA,0.019281013,False,0
NFYB,0.015047548,True,0
NFYC,0.0171416,False,0
NGF,0.008412269,False,0
NGFR,0.028678209,False,0
NGLY1,0.010833314,False,0
NHLH1,0.015357069,False,0
NHLH2,0.0051875548,False,0
NHS,0.0011912584,False,1
NHSL1,0.0105880285,False,0
NHSL2,0.013701987,False,1
NID1,0.01935662,False,0
NIFK-AS1,0.016475953,True,0
NIM1K,0.049645144,True,0
NIPA1,0.012995702,True,0
NIPA2,0.023680579,False,0
NIPAL1,0.0068069124,False,0
NIPAL2,0.022889197,False,0
NKAIN2,0.005902535,False,0
NKAIN3,0.016758086,False,0
NKAIN4,0.02350283,False,0
NKAPL,0.016750121,False,0
NKD1,0.017864058,False,0
NKRF,0.033806354,False,0
NKX1-2,0.014057559,False,0
NKX2-1,0.0015381838,False,0
NKX2-2,0.021032395,False,0
NKX2-4,0.014255322,False,0
NKX2-5,0.03421763,False,0
NKX6-2,0.023042142,False,0
NLGN1,0.0028904895,False,0
NLGN4X,0.023543224,False,0
NLGN4Y,0.015571254,False,0
NLRC5,0.013865304,False,0
NLRP1,0.030173996,False,0
NMB,0.0490107,False,0
NMI,0.018988978,False,0
NMNAT2,0.005384131,False,0
NMRAL1,0.014207198,False,0
NNMT,0.015533028,False,0
NOC2L,0.023488728,False,0
NOD1,0.024952186,False,0
NOL4,0.025421567,False,0
NOLC1,0.0068070483,False,0
NOP2,0.03459423,False,0
NOS1,0.02702571,False,0
NOS1AP,0.009474833,False,0
NOTUM,0.006646406,False,0
NOX4,0.023187239,False,0
NOX5,0.01039773,False,0
NPAS2,0.02152186,True,0
NPFFR1,0.009123275,False,0
NPHP4,0.013324233,False,0
NPNT,0.011728606,True,0
NPR3,0.01868876,True,0
NPSR1-AS1,0.01733182,False,0
NPTX1,0.020269226,False,0
NPW,0.06907284,True,0
NQO1,0.015811207,False,0
NR1D1,0.012434369,True,0
NR1D2,0.008961865,False,0
NR1H3,0.039513364,False,0
NR1H4,0.0067803594,False,0
NR1I3,0.00487732,False,0
NR2C1,0.021658758,False,0
NR2C2,0.014126152,False,0
NR2C2AP,0.02955396,True,0
NR2E1,0.0075703026,False,0
NR2E3,0.032850135,False,1
NR2F1,0.012949794,False,0
NR2F1-AS1,0.037228793,False,0
NR2F2,0.0006616151,False,0
NR2F2-AS1,0.023247663,False,0
NR2F6,0.03525323,False,0
NR3C1,0.012256621,True,0
NR3C2,0.006025946,False,0
NR4A1,0.00035688726,False,0
NR4A2,0.027228596,False,0
NR4A3,0.023983072,False,0
NR5A2,0.0644139,False,0
NR6A1,0.018743763,False,0
NRARP,0.016752722,False,0
NRCAM,0.0112075,False,0
NREP,0.025722694,False,0
NRF1,0.009968598,False,0
NRG1,0.0047083665,False,0
NRG4,0.024763128,True,0
NRIP1,0.017890524,True,1
NRP1,0.016711347,False,0
NRP2,0.026874622,False,0
NRSN1,0.012404482,False,0
NRXN1,0.0042129545,False,1
NRXN3,0.03055646,False,0
NSDHL,0.012484332,False,0
NSUN7,0.009617234,False,0
NT5E,0.019376447,False,0
NTM,0.015933277,False,0
NTM-AS1,0.0077632396,False,0
NTN1,0.0024128489,False,0
NTN4,0.011750148,False,0
NTNG1,0.010760705,False,0
NTRK2,0.0341327,False,0
NUAK1,0.020934979,True,0
NUCB2,0.032561734,False,0
NUDT18,0.010574724,False,0
NUDT4,0.023624131,False,0
NUFIP1,0.019904166,False,0
NUP107,0.026873209,True,0
NUP62CL,0.013678942,False,0
NUPR1,0.0112709515,False,0
NUS1,0.028068095,False,0
NWD1,0.017867573,True,0
NWD2,0.028721353,False,0
NXF1,0.005943376,False,0
NXN,0.0044958135,False,0
NXPE2,0.0231702,False,0
NXPH1,0.021314273,False,0
NYAP2,0.013557371,False,0
OAF,0.019830383,False,0
OAS1,0.010029959,False,0
OAS3,0.007254195,False,0
OASL,0.0138291335,False,0
OCM,0.020259129,False,0
ODC1,0.017913226,True,0
OGFRL1,0.03299126,False,0
OLFM1,0.01654273,True,0
OLFM2,0.0098854825,False,0
OLFM3,0.020184297,True,0
OLIG1,0.015235439,True,0
ONECUT1,0.0031051238,False,0
ONECUT2,0.029901626,False,0
OPCML,0.022176439,False,0
OPHN1,0.018991126,False,0
OPN3,0.007521483,False,0
OPTN,0.017973304,False,0
ORC5,0.020290302,False,0
OSBP2,0.018744208,False,0
OSBPL10,0.03092766,False,0
OSBPL11,0.01300589,False,0
OSBPL3,0.01719991,True,0
OSBPL6,0.019788295,False,0
OSBPL8,0.029029476,False,0
OSCP1,0.016038688,False,0
OSGIN2,0.008709038,False,0
OSMR,0.0017833571,False,0
OSMR-AS1,0.028509252,False,0
OSR1,0.019771913,False,0
OSTF1,0.031243833,False,0
OTOGL,0.010160417,False,0
OTUD4,0.018600246,False,0
OTUD7B,0.016038852,False,0
OTX1,0.010412931,False,0
OVCH1,0.005353321,True,0
OXSR1,0.005410358,False,0
OXTR,0.017620716,False,0
P2RX7,0.015993778,False,0
P2RY14,0.027337054,False,0
P2RY6,0.010441977,True,0
P3H2,0.01235567,False,0
P4HA1,0.034010563,True,0
P4HA2,0.02559647,True,0
PA2G4,0.013182174,False,0
PABPC5-AS1,0.0092303995,False,0
PACRG,0.029671554,False,0
PADI1,0.019358706,False,0
PADI2,0.012611998,True,0
PAG1,0.015007958,False,1
PAH,0.008434845,False,0
PAIP2B,0.027160197,False,0
PAK1,0.017041866,True,0
PAK3,0.009215747,True,0
PALD1,0.02677078,False,0
PALM2-AKAP2,0.0033462225,False,0
PALMD,0.0077215806,False,0
PAM,0.006926072,False,0
PAMR1,0.007334341,False,0
PANX1,0.017613092,False,0
PAQR8,0.012147628,False,0
PARD6G-AS1,0.002307592,False,0
PARM1,0.022470204,False,0
PARP1,0.015257618,False,0
PARP12,0.011271471,True,0
PARP14,0.04161211,False,0
PARP8,0.024774611,False,0
PART1,0.024440719,False,0
PARVB,0.020571701,True,0
PATJ,0.016857743,False,0
PATL2,0.012537504,False,0
PATZ1,0.031626426,False,0
PAUPAR,0.010925444,True,0
PAWR,0.045478724,False,0
PAX2,0.018700032,False,0
PAX6,0.013635578,False,0
PAX7,0.012920144,False,0
PAX8,0.019549856,False,0
PBX1,0.06954079,False,0
PBX2,0.010204603,True,0
PBX3,0.054367878,False,0
PBX4,0.0034359884,False,0
PCAT1,0.011711748,False,0
PCBP3,0.009459339,True,0
PCDH10,0.041238282,True,0
PCDH11Y,0.009568275,False,0
PCDH15,0.014045733,False,0
PCDH17,0.024680983,True,0
PCDH7,0.040049236,False,0
PCDH9,0.0062389118,False,0
PCDHA10,0.008560261,False,0
PCDHA13,0.030433469,False,0
PCDHB16,0.015484373,False,0
PCDHB4,0.020826764,False,0
PCDHB7,0.0034682623,False,0
PCDHGA1,0.02797514,True,0
PCDHGA12,0.021002885,False,0
PCDHGA3,0.018969543,True,0
PCED1B,0.024438182,False,0
PCGF6,0.0076923994,False,0
PCLO,0.007871794,False,0
PCOLCE2,0.010852292,False,0
PCSK5,0.006923734,False,0
PCTP,0.028393231,False,0
PDCD11,0.0076586814,False,0
PDE10A,0.026744656,False,0
PDE1A,0.029294461,False,0
PDE1C,0.016710045,True,0
PDE3A,0.01910729,True,0
PDE4B,0.01635419,False,0
PDE4D,0.005786616,True,0
PDE6C,0.01554534,False,0
PDE7A,0.03375504,False,0
PDE7B,0.011693037,False,0
PDE8B,0.010152067,False,0
PDGFC,0.036267977,False,0
PDGFD,0.010682524,True,0
PDGFRA,0.009341106,False,0
PDIA3,0.015318835,True,0
PDIA4,0.016897677,False,0
PDLIM3,0.020003142,False,0
PDLIM5,0.0072326683,False,0
PDPN,0.0020850792,False,0
PDS5A,0.027860433,True,0
PDZD2,0.035740953,True,0
PDZRN3,0.023610964,False,0
PDZRN4,0.014791508,False,0
PEAK1,0.017824488,False,0
PEBP4,0.014000618,False,0
PECAM1,0.015674105,False,0
PEG10,0.005850787,False,0
PELI1,0.03688727,True,0
PELI2,0.01725859,True,0
PER1,0.020719841,False,0
PES1,0.010179766,False,0
PEX5L,0.009620822,True,0
PFDN4,0.010798184,True,0
PFKFB1,0.015679447,False,0
PFKFB2,0.03197751,False,0
PFKFB3,0.019019905,False,0
PFKFB4,0.015288937,False,0
PFKP,0.018446654,False,0
PFN1,0.026747996,False,0
PGAM2,0.013386103,False,0
PGAP1,0.008763048,False,0
PGF,0.01878012,False,0
PGK1,0.013494676,False,0
PGM2L1,0.030958796,False,0
PGR,0.0016983317,False,0
PGRMC1,0.008466064,False,0
PHACTR1,0.018467896,False,0
PHACTR2,0.018904323,False,0
PHC2,0.039214596,True,1
PHEX,0.007385746,False,0
PHF12,0.004351479,True,0
PHF20,0.011387469,False,0
PHF21A,0.016510969,False,0
PHF8,0.013612823,False,0
PHLDA1,0.01296499,False,0
PHLDB2,0.011013696,False,0
PHLDB3,0.010950939,False,0
PHLPP1,0.02038388,False,0
PHOX2A,0.017502552,False,0
PHYHIPL,0.01749293,False,0
PI16,0.012969568,False,0
PID1,0.015224267,False,0
PIEZO2,0.041878078,False,1
PIGA,0.02196427,False,0
PIK3AP1,0.008012927,False,0
PIK3C2A,0.030628279,False,0
PIK3C3,0.015079269,False,0
PIK3CA,0.01768466,False,0
PIK3CD,0.0056674024,False,0
PIK3R1,0.025003023,False,0
PIK3R3,0.010029429,True,0
PIK3R4,0.015186524,False,0
PIK3R5,0.023657767,False,0
PIM1,0.053381544,False,0
PIN4,0.022815423,False,0
PINX1,0.031826794,False,0
PIP4K2A,0.01738226,True,0
PIP5K1B,0.032462005,True,0
PITPNA,0.010939943,False,0
PITPNC1,0.018843262,True,0
PITX1,0.019502578,False,0
PITX3,0.01895323,True,0
PKD1,0.011646888,False,0
PKD1L1,0.011910678,False,0
PKHD1,0.0219259,False,0
PKIA,0.016574841,False,0
PKIB,0.030672109,False,0
PKIG,0.012121311,False,0
PKM,0.015147323,True,0
PKN2-AS1,0.038936045,False,0
PKNOX1,0.020339625,False,0
PKNOX2,0.01495323,False,0
PKP4,0.015092695,True,0
PLA2G4A,0.017556295,False,0
PLA2G5,0.036528904,True,0
PLA2G6,0.017663283,False,0
PLAA,0.02414417,True,0
PLAC1,0.0014465969,False,0
PLAG1,0.01856085,False,0
PLAGL1,0.0071002026,False,0
PLAU,0.014133325,True,0
PLAUR,0.01780334,False,0
PLBD1-AS1,0.019915823,False,0
PLCB1,0.007496955,False,0
PLCB2,0.00586165,False,0
PLCB4,0.010934057,False,0
PLCE1,0.004932438,False,0
PLCG1-AS1,0.019050363,False,0
PLCH1,0.021427065,False,0
PLCL1,0.037871066,True,0
PLCL2,0.011272184,False,1
PLCXD3,0.0142989,False,0
PLD1,0.016091356,False,0
PLD5,0.03985684,True,0
PLEK,0.011360621,False,0
PLEKHA4,0.009331804,True,0
PLEKHA5,0.00089765026,True,0
PLEKHA7,0.02110811,True,0
PLEKHG1,0.013573323,False,0
PLEKHG2,0.0054970034,False,0
PLEKHG5,0.005924146,True,0
PLEKHH2,0.036850642,False,1
PLEKHO1,0.013442526,False,0
PLLP,0.018238677,False,0
PLOD2,0.01902787,False,0
PLP1,0.010076769,False,0
PLP2,0.016569309,False,0
PLPP1,0.032488808,False,0
PLPP2,0.013563949,False,0
PLPP3,0.017079849,False,0
PLPP4,0.032480262,True,0
PLPPR1,0.005482295,False,0
PLPPR5,0.03018318,True,0
PLS1,0.019571906,False,0
PLS3,0.015697327,False,0
PLS3-AS1,0.01627817,False,0
PLSCR1,0.01609924,False,0
PLSCR2,0.011903329,False,0
PLSCR4,0.009363202,False,0
PLXDC2,0.009325503,True,0
PLXNA4,0.009938531,True,0
PMEL,0.011858154,False,0
PMEPA1,0.0013015219,False,0
PML,0.034199778,False,1
PMP2,0.017529598,True,0
PNLDC1,0.017896347,False,0
PNPLA3,0.005738696,True,0
PNRC1,0.02581196,False,0
POC1B,0.010347091,False,0
POLA1,0.017164059,False,0
POLD2,0.033739243,False,0
POLD3,0.01089136,True,0
POLE3,0.027153771,True,0
POLI,0.025391167,True,0
POLM,0.0159339,True,0
POLN,0.008996399,False,0
POLR3A,0.009304723,False,0
POLR3G,0.027588649,False,0
PON1,0.005128709,False,0
PON3,0.021705352,True,0
POR,0.008387977,False,0
POT1-AS1,0.017335547,False,0
POU2AF1,0.00390932,False,0
POU2F1,0.019933343,False,0
POU2F2,0.011686035,False,0
POU2F3,0.0084072715,False,0
POU3F1,0.020688428,False,0
POU3F2,0.020263182,True,0
POU3F3,0.012899072,False,0
POU3F4,0.013492043,False,0
POU4F1,0.019128215,False,0
POU5F1B,0.035323337,False,0
POU6F1,0.015682843,False,0
POU6F2,0.024373243,False,0
PPA1,0.013040261,False,0
PPARA,0.039537538,True,0
PPARD,0.0051287,False,0
PPARG,0.024387144,True,0
PPARGC1A,0.017917547,False,0
PPCDC,0.02837532,False,0
PPDPF,0.035425536,False,0
PPEF2,0.024447381,False,0
PPFIA2,0.018606601,False,0
PPFIA4,0.03865198,False,0
PPFIBP1,0.017159475,False,0
PPL,0.009079789,True,0
PPM1E,0.042971607,False,1
PPM1H,0.010885813,True,0
PPM1L,0.018997421,False,0
PPP1R13B,0.034035664,False,0
PPP1R13L,0.013297655,False,0
PPP1R15A,0.019536376,False,0
PPP1R16B,0.020565895,True,0
PPP1R1C,0.013732771,False,0
PPP1R3C,0.044693634,True,0
PPP4R4,0.01136892,False,0
PRDM1,0.005520168,False,0
PRDM10,0.013338005,False,0
PRDM12,0.015542372,False,0
PRDM15,0.0083174575,False,0
PRDM16,0.0068342425,False,0
PRDM4,0.001767867,False,0
PRDM5,0.008941541,False,0
PRDM7,0.018946007,False,0
PRDX1,0.029862693,False,0
PREX2,0.01225459,False,0
PRICKLE1,0.019142712,True,0
PRIM1,0.030086279,False,0
PRIM2,0.0068016923,False,0
PRIMA1,0.016084496,False,0
PRKAA2,0.0328284,False,0
PRKACB,0.019959569,False,0
PRKAG2,0.020617926,True,0
PRKAR1B,0.023655359,False,0
PRKAR2B,0.014340879,False,0
PRKCA,0.029315656,False,0
PRKCA-AS1,0.00895077,False,0
PRKCB,0.04765776,False,1
PRKCD,0.02240449,False,0
PRKCE,0.014352509,False,0
PRKCH,0.014752998,False,0
PRKCQ,0.007927314,True,0
PRKD1,0.006802665,False,0
PRKG1,0.011546628,True,0
PRKG1-AS1,0.014610925,False,0
PRLR,0.013369795,False,0
PRMT9,0.00973758,False,0
PRNP,0.018058091,True,0
PROCR,0.016559705,False,0
PROM1,0.016067404,False,0
PROS1,0.017766954,False,0
PROSER2,0.015308275,False,0
PROX1,0.013501655,False,0
PRR16,0.0048818183,False,0
PRR5,0.018882612,False,0
PRR5L,0.019969264,True,0
PRRG1,0.030878928,False,0
PRRG4,0.009832585,False,0
PRRX1,0.013746184,True,0
PRRX2,0.013860846,False,0
PRSS12,0.025220634,False,0
PRSS23,0.0014392643,False,0
PRSS54,0.015559168,False,0
PSD4,0.033306055,False,0
PSMA6,0.0151401395,False,0
PSMC2,0.014298108,False,1
PSMD5,0.024873791,False,0
PSRC1,0.019484332,True,0
PSTPIP2,0.024473812,False,0
PTAR1,0.016468138,False,0
PTCHD1,0.02100641,False,0
PTCHD1-AS,0.017148172,True,0
PTCSC3,0.018374039,True,0
PTENP1-AS,0.020849684,False,0
PTER,0.005964692,False,0
PTGDS,0.0059291692,True,0
PTGES3,0.019619504,False,0
PTGFR,0.011972803,False,0
PTGFRN,0.017678978,False,0
PTGIR,0.026288614,False,0
PTMA,0.04497795,False,0
PTPDC1,0.034616638,True,0
PTPN14,0.030505326,False,0
PTPN20,0.0025639809,False,0
PTPN21,0.017913034,False,0
PTPN22,0.013642327,False,0
PTPN4,0.011810121,True,0
PTPN6,0.005950965,False,0
PTPN7,0.010084554,False,0
PTPN9,0.01996113,False,0
PTPRB,0.021637015,False,0
PTPRC,0.036663778,False,0
PTPRD,0.00747982,True,0
PTPRE,0.028252574,False,0
PTPRG,0.022605399,False,1
PTPRJ,0.01328844,True,0
PTPRK,0.017205657,True,0
PTPRN2,0.029332208,False,0
PTPRU,0.0265745,False,0
PTX3,0.018886592,False,0
PUDP,0.030182522,True,0
PUM3,0.009605038,False,0
PURA,0.020782724,True,0
PURG,0.008008587,False,0
PUS7,0.023904262,False,0
PVT1,0.007977173,False,0
PXDC1,0.0073380913,False,0
PXDN,0.019134166,True,0
PXDNL,0.0010685521,True,0
PXYLP1,0.0053059654,False,0
PYGL,0.012910187,False,0
RAB11A,0.009322666,False,0
RAB11FIP3,0.011618677,False,0
RAB11FIP4,0.02295804,False,0
RAB11FIP5,0.016163137,True,0
RAB14,0.028082648,False,0
RAB20,0.003414135,False,0
RAB21,0.019128865,False,0
RAB27A,0.021087065,True,0
RAB27B,0.030458752,False,0
RAB2A,0.01745604,True,0
RAB31,0.019064797,False,0
RAB38,0.026659526,False,0
RAB39A,0.01789509,False,0
RAB3C,0.013702915,False,0
RAB3IP,0.06778348,False,0
RAB6A,0.023125473,True,0
RAB7A,0.03646027,False,0
RAB8B,0.023640607,True,0
RABAC1,0.02046362,False,0
RAD18,0.008899629,False,0
RAD21,0.019696772,False,0
RAD51B,0.008444334,False,0
RAD54L,0.016568577,True,0
RADIL,0.018835522,False,0
RAI14,0.039087392,False,1
RAI2,0.029627282,False,0
RALA,0.03264962,False,0
RALGAPA2,0.011700568,True,0
RALGPS2,0.006955958,False,0
RALYL,0.0038976504,True,0
RAMP3,0.015353761,False,0
RAN,0.037031777,True,0
RANBP17,0.00542558,False,0
RANBP2,0.033451315,False,0
RANBP3L,0.027041288,False,0
RAP1B,0.013138336,False,0
RAPGEF3,0.009922252,False,0
RAPGEF4,0.010336339,False,0
RAPGEF5,0.013311638,False,0
RARA,0.02599754,True,0
RARB,0.01860204,True,0
RARG,0.022303179,False,1
RASA3,0.018501373,False,0
RASAL2-AS1,0.018958524,False,0
RASD1,0.017812872,False,0
RASEF,0.008163203,False,0
RASGEF1A,0.02875556,True,0
RASGEF1B,0.00089531956,True,0
RASGEF1C,0.0049257344,False,0
RASGRF2,0.009058055,False,0
RASGRP1,0.021181647,False,1
RASL11A,0.020324908,True,0
RASL12,0.0110476175,False,0
RASSF2,0.03220259,False,0
RASSF3,0.009200707,True,0
RASSF5,0.004698232,False,0
RASSF8,0.008949362,True,0
RB1,0.010652983,False,0
RBAK,0.005464227,False,0
RBBP8,0.019751277,False,0
RBBP9,0.0057009696,False,0
RBFOX1,0.00930639,False,0
RBFOX2,0.021541726,True,0
RBKS,0.016241979,False,0
RBM17,0.02279811,False,0
RBM22,0.011283307,False,0
RBM3,0.0126794055,False,0
RBM42,0.020077711,False,0
RBM43,0.039023716,False,0
RBM46,0.016594548,False,0
RBM47,0.027673755,False,0
RBM7,0.02036861,False,0
RBMS1,0.023084521,True,0
RBMS3,0.0119489785,False,0
RBMS3-AS3,0.01608132,True,0
RBP4,0.018393755,False,0
RBPJ,0.010120734,False,0
RBPMS,0.040399533,False,0
RBPMS-AS1,0.02301375,True,0
RCAN1,0.01226726,True,0
RCAN2,0.029381111,False,0
RCAN3,0.009919198,True,0
RCN3,0.040886667,False,0
RCOR1,0.029556654,False,0
REEP1,0.025015226,False,0
REL,0.029406128,False,0
RELA,0.018940015,False,0
RELB,0.020935507,False,0
RELL1,0.02536647,False,0
RELN,0.028410953,False,0
RELT,0.011274846,False,0
RERGL,0.012193071,False,0
REST,0.03679446,True,0
REV3L,0.011419637,True,0
RFC2,0.006219046,False,0
RFC3,0.007444345,False,0
RFFL,0.01396033,True,0
RFPL1S,0.008633797,False,0
RFX1,0.01647278,False,0
RFX2,0.01480926,False,0
RFX3,0.016547194,False,1
RFX4,0.014754364,False,0
RFX5,0.030737268,False,0
RFX7,0.012968476,True,0
RFX8,0.009149261,False,0
RFXANK,0.009891879,False,0
RFXAP,0.02369513,False,0
RGCC,0.014475445,False,0
RGN,0.03597938,False,0
RGPD2,0.014036214,False,0
RGR,0.03038947,False,0
RGS1,0.017454615,False,0
RGS14,0.022081336,False,0
RGS16,0.020333,True,0
RGS17,0.014695574,False,0
RGS2,0.00666315,False,0
RGS22,0.021196077,False,0
RGS4,0.012603035,False,0
RGS6,0.02321246,False,0
RGS9,0.022599636,False,0
RHBDF2,0.02692752,False,0
RHBDL2,0.031090848,False,0
RHOB,0.0023787334,False,0
RHOBTB1,0.010370499,False,0
RHOBTB3,0.016442884,False,0
RHOH,0.024228763,False,0
RHOQ,0.011039576,True,0
RHOU,0.036072798,False,0
RHPN2,0.009971593,False,0
RIC8B,0.02002258,False,0
RIMKLA,0.014913871,False,0
RIMS1,0.011055304,False,0
RIMS2,0.01353169,False,0
RIN3,0.013861686,False,0
RIOK2,0.01512574,False,0
RIPK1,0.03389443,False,0
RIPK2,0.007053946,False,0
RLBP1,0.016734814,False,0
RLF,0.009237516,False,0
RLN2,0.027451951,False,0
RMDN2,0.040515617,False,0
RMI1,0.028188294,True,0
RMST,0.006666528,False,0
RNASEH2B-AS1,0.021951776,False,0
RNASET2,0.0348861,True,0
RND1,0.022016395,False,0
RND3,0.0064858543,False,0
RNF103,0.010607648,False,0
RNF11,0.018874235,True,0
RNF114,0.020023549,True,0
RNF122,0.01413528,False,0
RNF138,0.019667942,False,0
RNF144A,0.056862928,False,0
RNF144B,0.0057767727,False,0
RNF152,0.012223206,True,0
RNF17,0.029335344,True,0
RNF180,0.032947253,True,0
RNF182,0.02235285,True,0
RNF19A,0.0060023894,False,0
RNF2,0.026918562,True,0
RNF212B,0.010938674,False,0
RNF217,0.040982496,False,0
RNF217-AS1,0.0350203,False,0
RNF220,0.025165012,False,0
RNF24,0.039993353,False,0
RNF43,0.028551122,True,0
RNF6,0.028162293,True,0
ROBO1,0.025027776,False,0
ROBO2,0.005502209,False,0
ROCK2,0.013852655,False,0
ROR1-AS1,0.019471299,False,0
ROR2,0.015778502,False,0
RORA,0.0034562584,False,0
RORB,0.018059969,False,0
RPA4,0.008857078,False,0
RPGR,0.007788123,False,0
RPL13,0.009225683,False,0
RPL15,0.031147148,False,0
RPL18A,0.008356498,False,0
RPL23,0.02594884,True,0
RPL24,0.013449528,False,0
RPL27A,0.027383577,True,0
RPL3,0.058247037,True,0
RPL32,0.010938153,False,0
RPL34-AS1,0.016341737,True,0
RPL6,0.008998354,False,0
RPLP2,0.0108628515,False,0
RPS10,0.021819774,True,0
RPS11,0.029621478,False,0
RPS15,0.0117679015,False,0
RPS23,0.04173496,True,0
RPS24,0.016732885,False,0
RPS27,0.014583189,False,0
RPS4X,0.010420787,False,0
RPS6,0.009468283,False,0
RPS6KA3,0.021159554,False,0
RPS6KA5,0.03102562,False,0
RPS6KA6,0.014647419,False,0
RPS9,0.022401035,False,0
RRAD,0.013480154,True,0
RRAGC,0.029930752,False,0
RRAGD,0.017214552,False,0
RRAS2,0.019578027,False,0
RRBP1,0.016481912,False,0
RREB1,0.0119679365,False,0
RS1,4.932678e-06,False,0
RSAD2,0.0120114805,False,0
RSBN1,0.0071198205,True,0
RSPO4,0.0294094,False,0
RTTN,0.01847952,True,1
RUFY3,0.0287139,False,0
RUFY4,0.027063707,False,0
RUNX1,0.0046043326,False,0
RUNX1T1,0.005293778,True,0
RUNX2,0.015438172,False,0
RUNX3,0.08879035,False,0
RUSC2,0.049949165,False,0
RUVBL1,0.0057139206,False,0
RXRA,0.0361215,False,0
RXRB,0.018423792,False,0
RXRG,0.019781016,False,0
RYR2,0.012842639,False,0
S100A10,0.025842192,False,0
S100A6,0.03924877,False,0
S100B,0.016551206,False,0
SAA2,0.023273405,False,0
SAA4,0.020736532,False,0
SALL1,0.0031355808,False,0
SALL2,0.009974224,False,0
SALL3,0.007236905,True,0
SAMD11,0.0076292455,False,0
SAMD12,0.0038491972,False,0
SAMD3,0.010189078,False,0
SAMD4A,0.017036954,True,0
SAMD9,0.013948337,True,0
SAMD9L,0.015907839,False,0
SAMHD1,0.020700883,False,0
SAMSN1,0.04279371,False,0
SAP18,0.010385649,False,0
SAP30,0.015354055,False,0
SAPCD2,0.007001531,False,0
SASH3,0.016341621,False,0
SASS6,0.0061773034,False,0
SAT1,0.0036858912,False,0
SATB1,0.0069524315,False,0
SATB1-AS1,0.03836584,False,0
SATB2,0.039146975,False,0
SAV1,0.022244653,False,0
SAXO1,0.010812684,False,0
SBF2-AS1,0.006249344,False,0
SBNO2,0.005037576,False,0
SCAND1,0.008518747,False,0
SCARA3,0.018846305,False,0
SCART1,0.0077200574,False,0
SCD,0.030345809,False,0
SCG2,0.027970744,False,0
SCG3,0.01604632,True,0
SCGB3A1,0.02015071,False,0
SCIN,0.03268403,False,0
SCMH1,0.019007737,True,0
SCML1,0.024260575,False,0
SCML2,0.012252489,True,0
SCML4,0.011321608,True,0
SCN11A,0.018078722,True,0
SCN1A,0.03692598,False,0
SCN2A,0.008660251,False,0
SCN2B,0.025682759,True,0
SCN3B,0.016828047,False,0
SCN7A,0.01876927,True,0
SCN8A,0.010481161,False,0
SCN9A,0.0076196706,False,0
SCUBE1,0.009371252,False,0
SDC2,0.027749734,False,0
SDCBP,0.0099455435,False,0
SDK1,0.02985766,False,0
SDK2,0.026535759,False,0
SDS,0.008881196,False,0
SEC14L2,0.017036261,True,0
SEC14L3,0.009413924,False,0
SEC16A,0.013998769,True,0
SEC22A,0.018403038,False,0
SEC23B,0.0075778076,False,0
SEC24D,0.028765762,False,0
SEL1L2,0.0143587245,False,0
SELE,0.012487272,False,0
SEMA3A,0.011213467,False,0
SEMA3B,0.00010443896,True,0
SEMA3C,0.011736114,False,0
SEMA3E,0.021715453,False,0
SEMA3F,0.0077647604,False,0
SEMA4A,0.010671272,False,0
SEMA5A,0.02168197,True,0
SEMA6A,0.022094546,False,0
SEMA6D,0.009980461,False,0
SEPHS2,0.019913994,False,0
SERGEF,0.016831668,True,0
SERPINA3,0.026314907,False,0
SERPINB9,0.0069824676,False,0
SERPINE1,0.015950205,False,0
SERPINE2,0.029444661,False,0
SERPING1,0.015378059,False,0
SERPINH1,0.013220775,True,0
SERPINI1,0.031813283,False,0
SERPINI2,0.0072652367,False,0
SERTAD2,0.028057618,False,0
SERTAD4,0.014515145,False,0
SESN1,0.021788564,True,0
SESN2,0.042605475,False,0
SESN3,0.025774969,False,0
SETBP1,0.019881573,False,0
SETDB1,0.008564041,True,0
SEZ6L,0.005176053,False,0
SF1,0.017021779,False,0
SF3B1,0.0050469055,False,0
SFMBT2,0.008145427,False,0
SFN,0.0050213733,False,0
SFR1,0.043834362,True,0
SFRP2,0.03840308,False,0
SFT2D3,0.018508585,False,0
SGCD,0.021309566,False,0
SGCZ,0.0161912,False,0
SGIP1,0.009616843,False,0
SGK1,0.035648596,False,0
SGK2,0.02005321,False,0
SGMS1-AS1,0.018345837,False,0
SGMS2,0.011384515,False,0
SGO2,0.003113956,False,0
SGPL1,0.022365559,False,0
SH2D3C,0.025928322,False,0
SH2D4B,0.016416378,False,0
SH3BGR,0.018145729,True,0
SH3BGRL2,0.018273115,True,0
SH3BGRL3,0.025102435,False,0
SH3BP1,0.008922563,False,0
SH3BP5,0.013232145,False,0
SH3D19,0.012592186,False,0
SH3GL2,0.020337544,False,0
SH3GL3,0.010752384,False,0
SH3KBP1,0.042316746,False,0
SH3PXD2A,0.019027384,False,0
SH3RF1,0.019560255,False,0
SH3TC2,0.011781078,False,0
SHANK1,0.0152660385,False,0
SHANK2,0.006376216,False,0
SHB,0.015766911,True,0
SHC1,0.01742262,False,0
SHC3,0.0062532844,False,0
SHC4,0.020245811,False,0
SHCBP1,0.00024440518,False,0
SHISA9,0.016486654,False,0
SHOX,0.0117880255,False,0
SHROOM3,0.031178135,False,0
SHROOM4,0.015619907,False,0
SHTN1,0.030860867,False,0
SIAH1,0.015375841,True,0
SIAH2,0.026792113,False,0
SIDT1,0.054167744,False,0
SIGLEC11,0.020303447,False,0
SIGLEC9,0.025296398,False,0
SIM2,0.011594951,True,0
SIN3A,0.012278345,False,0
SIPA1L2,0.025462115,False,0
SIRT6,0.013499451,False,0
SIX1,0.004770928,False,0
SIX3,0.012864886,True,0
SKAP1,0.008044508,False,0
SKAP2,0.0068804305,False,0
SKI,0.04853937,False,0
SKOR2,0.0066722324,False,0
SLA,0.033524666,True,0
SLAIN1,0.024954533,True,0
SLAMF6,0.051347576,True,0
SLC11A1,0.02708521,False,0
SLC12A2,0.013229947,False,0
SLC12A6,0.016477663,False,0
SLC12A8,0.003979266,False,0
SLC15A3,0.02843245,False,0
SLC16A1,0.013378951,False,0
SLC16A2,0.009508723,False,0
SLC16A4,0.051832575,False,0
SLC16A6,0.020264886,True,0
SLC16A7,0.00616526,False,0
SLC16A9,0.02453962,False,0
SLC19A3,0.0647439,False,0
SLC1A2,0.0008258892,False,0
SLC1A3,0.017081432,False,0
SLC1A5,0.015446119,False,0
SLC20A1,0.028034428,False,0
SLC20A2,0.0063435,False,0
SLC22A15,0.008627921,False,0
SLC22A23,0.018137712,False,1
SLC22A3,0.033783443,False,0
SLC22A4,0.014230719,False,0
SLC24A2,0.0066910195,False,0
SLC24A3,0.017076472,False,0
SLC24A4,0.012545304,False,0
SLC26A2,0.025339495,False,0
SLC26A4,0.038309745,False,0
SLC27A6,0.0063886903,False,0
SLC2A13,0.005991949,False,0
SLC2A3,0.025689267,True,0
SLC2A5,0.012759104,True,0
SLC2A9,0.021909188,False,0
SLC30A10,0.027235819,False,0
SLC30A7,0.0047067343,False,0
SLC30A8,0.007913032,False,0
SLC35E1,0.03990659,False,0
SLC35E3,0.034874927,True,0
SLC35F1,0.016997688,False,0
SLC35F3,0.012406433,True,0
SLC35F4,0.03844181,False,0
SLC37A1,0.01428151,False,0
SLC37A3,0.022085112,True,0
SLC38A1,0.026594775,False,0
SLC38A11,0.021704182,False,0
SLC38A2,0.019980542,False,0
SLC39A12,0.0091303075,False,0
SLC39A14,0.021012828,True,0
SLC39A8,0.002994343,False,0
SLC40A1,0.039549146,False,0
SLC41A2,0.028568584,True,0
SLC41A3,0.022254394,True,0
SLC43A2,0.0007325518,False,0
SLC44A3,0.018838381,False,0
SLC44A5,0.011888391,True,0
SLC47A2,0.0020157364,False,0
SLC4A4,0.017270861,True,0
SLC4A7,0.005833928,False,0
SLC4A8,0.011017867,True,0
SLC51B,0.018828347,True,0
SLC5A1,0.029803012,True,0
SLC5A11,0.014325486,False,0
SLC6A11,0.015839607,False,0
SLC6A12,0.014126523,True,0
SLC6A13,0.008271739,False,0
SLC6A15,0.008221504,False,0
SLC6A17,0.005585283,False,0
SLC7A1,0.015997937,False,0
SLC7A11,0.030117309,False,1
SLC7A2,0.015820803,False,0
SLC7A5,0.024667477,False,0
SLC7A7,0.026461346,False,0
SLC7A8,0.005574094,False,0
SLC8A1,0.009772277,False,0
SLC8A3,0.009886924,True,0
SLC9A1,0.003991273,False,0
SLC9A3,0.0024449306,False,0
SLC9B1,0.007934443,False,0
SLC9B2,0.0135208415,False,0
SLC9C2,0.019013224,False,0
SLCO1A2,0.007386417,False,0
SLCO1C1,0.025410285,True,0
SLCO2B1,0.016628182,False,0
SLCO3A1,0.00865161,False,0
SLCO4A1,0.013845796,False,0
SLCO5A1,0.030534536,True,0
SLF1,0.013469441,False,0
SLFN12L,0.09681773,False,0
SLIT1,0.011705328,False,0
SLIT2,0.033186078,False,0
SMAD1,8.2495666e-05,False,0
SMAD2,0.0070204865,False,0
SMAD3,0.008813017,False,0
SMAD4,0.014975061,False,0
SMAD5,0.015266826,True,0
SMAD6,0.012583668,False,0
SMAD7,0.033905648,False,0
SMAD9,0.012997459,False,0
SMAP2,0.024590991,False,1
SMARCA1,0.00941407,False,0
SMARCA5,0.023882525,False,0
SMARCC1,0.014420372,False,0
SMARCC2,0.008754359,False,0
SMC3,0.01566128,False,0
SMC4,0.028483907,False,0
SMCO4,0.012603894,False,0
SMG6,0.03129804,False,0
SMIM10L1,0.009392138,False,0
SMOC1,0.008936058,False,0
SMOC2,0.02163701,False,0
SMS,0.004515913,False,0
SMTN,0.0022624312,False,0
SMUG1,0.06879231,False,0
SMURF1,0.025568586,False,0
SMURF2,0.01405666,False,0
SMYD2,0.013975134,False,0
SMYD3,0.0060501853,False,0
SNAI2,0.0070607485,False,0
SNAI3,0.023922011,False,0
SNAP25,0.019301841,False,0
SNAP25-AS1,0.02232663,False,0
SNAP91,0.020733604,False,0
SNAPC1,0.009318422,False,0
SNCA,0.017308481,False,0
SNCAIP,0.014474159,False,0
SNED1,0.0022005728,True,0
SNHG8,0.009554822,False,0
SNHG9,0.013218237,False,0
SNRPD1,0.0011392892,False,0
SNTG1,0.007398362,False,0
SNX10,0.008517043,True,0
SNX30,0.0109305885,False,0
SNX31,0.023264956,True,0
SNX8,0.030135367,False,0
SOAT1,0.018135794,False,0
SOBP,0.020911189,False,0
SOCS2,0.009970436,False,0
SOCS3,0.0022860495,True,0
SOCS6,0.023417471,False,0
SOD3,0.028872205,False,0
SOGA3,0.01823834,False,0
SOHLH2,0.0155075565,False,0
SORBS2,0.032384954,False,0
SORCS1,0.031036416,True,0
SORCS2,0.0046906676,False,0
SORCS3,0.025401764,False,0
SORD,0.010462859,False,0
SOX1,0.008701756,False,0
SOX10,0.009250175,False,0
SOX11,0.00667382,False,0
SOX13,0.023700437,False,0
SOX18,0.030554121,True,0
SOX2,0.016993728,False,0
SOX21,0.014908059,False,0
SOX21-AS1,0.017650332,False,0
SOX30,0.008788056,False,0
SOX4,0.03380137,True,0
SOX5,4.859311e-05,False,0
SOX6,0.0112267835,False,0
SOX7,0.016231468,False,0
SOX8,0.03725887,False,0
SOX9,0.007214565,False,0
SP1,0.015002736,False,0
SP100,0.022502925,True,0
SP110,0.017279848,False,0
SP140L,0.014139638,False,0
SP2,0.015807573,False,0
SP3,0.022537384,False,0
SP4,0.009251372,False,0
SP8,0.015370291,False,0
SPA17,0.0066590044,False,0
SPAG1,0.01315889,False,0
SPAG6,0.011500524,False,0
SPARC,0.0075070956,False,0
SPARCL1,0.021966133,True,0
SPATA12,0.017665138,True,0
SPATA17,0.02587843,False,0
SPATA18,0.01587137,False,0
SPATA9,0.029410858,False,0
SPATS2,0.020268865,False,0
SPATS2L,0.02995713,True,0
SPC25,0.050372675,False,0
SPDEF,0.014664724,True,0
SPDYA,0.029111061,False,0
SPHK1,0.013260754,False,0
SPI1,0.022991579,False,0
SPIB,0.021246405,False,1
SPIN4,0.004779925,False,0
SPINK8,0.02502875,False,0
SPNS2,0.00957034,False,0
SPOCK1,0.006091231,False,0
SPOCK2,0.015310494,False,0
SPOCK3,0.025249003,False,0
SPON1,0.009170008,False,0
SPON2,0.009544585,True,0
SPP1,0.008873284,False,0
SPPL2A,0.019223234,False,0
SPRED1,0.022363212,False,0
SPRED2,0.028235173,True,0
SPSB1,0.022414854,False,0
SPSB4,0.0123776505,True,0
SPTBN5,0.0082777105,False,0
SQSTM1,0.0146902315,True,0
SRBD1,0.008576204,False,0
SREBF1,0.015430404,False,0
SREBF2,0.024094427,False,0
SREK1IP1,0.0059714247,False,0
SRF,0.032140125,False,0
SRGAP2,0.011720307,True,0
SRGAP2B,0.016308146,False,0
SRGN,0.020494912,False,0
SRP14,0.0129995,False,0
SRP9,0.0022856058,False,0
SRPX2,0.0072530205,False,0
SRR,0.014583305,False,0
SRSF3,0.038323607,False,0
SRSF7,0.00014499201,False,0
SRY,0.0073240157,False,0
SS18L2,0.01457566,False,0
SSBP3,0.027895493,False,1
SSH1,0.00918463,False,0
SSPN,0.018013498,False,0
SSR3,0.029830066,True,0
SSR4,0.0076589826,False,0
SSRP1,0.018599102,True,0
SSTR2,0.022922335,False,0
SSX2IP,0.023523765,True,0
ST3GAL1,0.043096785,True,0
ST3GAL4,0.0029422,False,0
ST3GAL5,0.013189874,False,0
ST3GAL5-AS1,0.0144289825,False,0
ST5,0.012731743,False,0
ST6GAL1,0.015297645,False,0
ST6GAL2,0.03406555,False,0
ST7,0.03155182,True,0
ST7-AS2,0.01816787,True,0
ST8SIA1,0.01207152,False,0
ST8SIA4,0.018009745,False,0
STAC,0.020939872,True,0
STAC2,0.01294994,False,1
STAMBPL1,0.02109064,False,0
STARD3NL,0.021943878,True,0
STARD9,0.018741496,False,0
STAT1,0.008866459,False,0
STAT2,0.004913349,False,0
STAT3,0.03380293,True,0
STAT4,0.05046461,False,0
STAT5A,0.012794679,False,0
STAT5B,0.0062551037,False,0
STAU2,0.015209063,False,0
STC2,0.03579467,True,0
STEAP2-AS1,0.031179879,False,0
STEAP4,0.010067474,False,0
STIL,0.023114387,False,0
STIM2,0.0377139,False,0
STIP1,0.013915774,False,0
STK10,0.014850584,False,0
STK17A,0.028134612,False,0
STK17B,0.04121662,True,0
STK24,0.009326428,False,0
STK32A,0.014135983,True,0
STK32B,0.022734396,False,0
STK38L,0.02184636,False,0
STK39,0.01650285,False,0
STK40,0.022509336,False,0
STMN1,0.017064542,True,0
STMN2,0.0046954793,False,0
STMN4,0.022747349,True,0
STMP1,0.012891523,False,0
STOX2,0.023367293,False,0
STPG4,0.020724395,False,0
STRBP,0.037385445,False,0
STS,0.0029223575,False,0
STUM,0.0069216713,False,0
STX11,0.012353821,False,0
STX12,0.009605432,False,0
STX19,0.020056281,False,0
STXBP5-AS1,0.042184543,False,0
STXBP5L,0.00843486,False,0
STXBP6,0.01520792,False,0
SULF1,0.016679142,False,0
SULF2,0.01955647,False,0
SULT1C4,0.020980807,False,0
SULT4A1,0.02194408,True,0
SUPT3H,0.020415671,False,0
SUSD4,0.013753661,False,0
SUSD6,0.0081705805,False,0
SUV39H2,0.049147148,False,0
SV2A,0.012095109,False,0
SVIL,0.02054871,False,0
SYAP1,0.014736843,False,0
SYBU,0.01481598,False,0
SYCE1,0.016337223,False,0
SYF2,0.01348833,False,0
SYK,0.009673253,False,0
SYN2,0.016917508,False,0
SYN3,0.011589739,False,0
SYNDIG1,0.028015051,False,0
SYNDIG1L,0.013198237,False,0
SYNE1,0.03977309,False,1
SYNE2,0.010132545,False,0
SYNM,0.014815166,False,0
SYNPO,0.021748334,False,0
SYNPO2,0.0072837383,False,0
SYP,0.043994457,True,0
SYT1,0.0019461245,False,0
SYT12,0.017363083,False,0
SYT14,0.030725613,False,0
SYTL2,0.00182708,False,0
SYTL3,0.022341054,False,0
SYTL4,0.025569336,False,0
TAB2,0.008819184,False,0
TAC1,0.026836652,False,0
TACC2,0.026894303,False,0
TAF1,0.008230078,True,0
TAF3,0.011297311,False,0
TAF4B,0.026038237,True,0
TAF5,0.028612195,False,0
TAF7,0.008283172,False,0
TAF9,0.0045211273,True,0
TAGLN,0.011687896,False,0
TAGLN2,0.020165874,False,0
TAL1,0.019326482,False,0
TAL2,0.021814369,False,0
TANC1,0.011089419,True,0
TAPT1-AS1,0.027886799,False,0
TAS1R1,0.017947339,False,0
TBC1D1,0.0203583,False,0
TBC1D10A,0.03373514,False,0
TBC1D2B,0.021800134,False,0
TBC1D30,0.018068844,False,0
TBC1D32,0.023913547,False,0
TBC1D4,0.02686642,False,0
TBC1D8,0.020038715,False,0
TBC1D9,0.01251357,False,0
TBL1XR1,0.008961589,False,0
TBL1Y,0.0019930636,True,0
TBP,0.0009538693,False,0
TBPL1,0.034211684,False,0
TBR1,0.007962014,False,0
TBX10,0.031955928,False,0
TBX15,0.010907672,False,0
TBX18,0.013560624,False,0
TBX19,0.019015554,True,0
TBX2,0.010102673,False,0
TBX21,0.0064673917,False,0
TBX4,0.0122610545,False,0
TBX5,0.0048008435,False,0
TBX6,0.034208443,True,0
TBXAS1,0.0078123845,False,0
TC2N,0.015775237,False,0
TCEAL2,0.004179774,False,0
TCEAL6,0.020881614,False,0
TCEAL7,0.015048941,True,0
TCEAL9,0.011517048,False,0
TCEANC2,0.013099362,True,0
TCF12,0.027287878,False,0
TCF15,0.021951366,False,0
TCF24,0.017599111,False,0
TCF3,0.025709415,False,0
TCF4,0.027040033,True,0
TCF7,0.010359961,False,0
TCF7L1,0.017498504,False,0
TCF7L2,0.004399858,False,0
TCFL5,0.013832333,False,0
TCP1,0.0054369024,False,0
TCP11,0.0032159141,False,0
TCTN3,0.018373843,False,0
TDRD10,0.0011634534,False,0
TDRD5,0.017401142,False,1
TDRD7,0.032936882,False,0
TDRD9,0.020244518,False,0
TDRG1,0.014247002,False,0
TEAD1,0.014545322,False,0
TEAD2,0.015785562,False,0
TEAD3,0.011046908,False,0
TEAD4,0.014475573,False,0
TEK,0.02270962,False,1
TEKT5,0.016092831,False,1
TENM1,0.029175315,False,0
TENM2,0.0100895045,False,0
TENM3,0.021887345,False,0
TENM4,0.037894163,True,0
TERB1,0.017719569,False,0
TERF1,0.015191945,True,0
TESC,0.04681865,True,0
TESC-AS1,0.014500063,False,0
TESK2,0.014963798,False,0
TET1,0.031043766,False,0
TEX14,0.014342529,False,0
TEX2,0.010264488,False,0
TEX26,0.032526974,True,0
TEX29,0.015508678,False,0
TEX9,0.0057788272,False,0
TF,0.025150096,False,0
TFAP2C,0.014048798,False,0
TFAP2D,0.020498442,False,0
TFAP4,0.015358568,False,0
TFCP2,0.030872013,False,0
TFCP2L1,0.03593935,True,1
TFDP1,0.028170718,False,0
TFDP2,0.010554283,False,0
TFE3,0.011447134,False,0
TFEB,0.013069259,False,0
TFEC,0.022194149,False,0
TFPI2,0.020828666,False,0
TFRC,0.00044528226,False,0
TG,0.011541861,False,0
TGFB1,0.02754893,False,0
TGFB2,0.022351114,False,0
TGFB3,0.010823605,False,0
TGFBI,0.010298877,False,0
TGFBR1,0.02669808,True,0
TGFBR2,0.023115328,False,0
TGIF1,0.0156088825,True,0
TGIF2,0.018082459,True,0
TGM2,0.014848137,False,0
TH2LCRR,0.012363197,False,0
THAP1,0.0009898484,False,0
THAP5,0.038567163,True,0
THBS1,0.013576804,False,1
THBS2,0.020721694,False,0
THEMIS,0.04655525,False,0
THOC2,0.0143506685,True,0
THOC7,0.022344084,False,0
THRA,0.032935534,False,0
THRB,0.011066533,False,0
THRB-AS1,0.010076669,False,0
THSD1,0.014045746,False,0
THSD4,0.008127437,False,0
THSD7A,0.01725254,False,0
THSD7B,0.0035073496,False,0
TIA1,0.006627813,False,0
TICAM2,0.037112366,False,0
TIE1,0.018378315,True,0
TIFA,0.02067308,True,0
TIGAR,0.039061893,True,0
TIGD4,0.006712547,False,0
TIMP2,0.0078095975,False,1
TIMP3,0.017498247,False,0
TIPARP,0.007603793,False,0
TJP2,0.018495139,False,0
TKTL1,0.0007216322,True,0
TLCD1,0.016047614,False,0
TLCD2,0.010160164,True,0
TLE1,0.033718854,False,0
TLE4,0.01240869,True,0
TLR1,0.009913562,False,0
TLR10,0.022244778,False,0
TLR2,0.0033110313,False,0
TLR5,0.020536324,False,0
TLX3,0.019700894,False,0
TMBIM1,0.005585616,False,0
TMC1,0.01592439,False,0
TMC6,0.0073966323,False,0
TMCC2,0.021363046,False,0
TMCO2,0.027736064,False,0
TMCO4,0.019597385,False,0
TMEFF1,0.016539186,False,0
TMEM104,0.06454365,False,0
TMEM117,0.012838897,True,0
TMEM132D,0.006998677,False,0
TMEM132E,0.033308882,False,0
TMEM150C,0.016588572,True,0
TMEM156,0.030140093,False,0
TMEM160,0.019873643,False,0
TMEM163,0.018149687,True,0
TMEM164,0.032527924,False,0
TMEM170B,0.027434457,False,0
TMEM178A,0.0143710915,False,0
TMEM191B,0.025767846,False,0
TMEM200A,0.021738555,False,0
TMEM216,0.03519693,True,0
TMEM220-AS1,0.019855969,False,0
TMEM229A,0.016917767,False,0
TMEM229B,0.014713024,False,0
TMEM241,0.014758356,False,0
TMEM255A,0.012639133,True,0
TMEM255B,0.014103128,False,0
TMEM263,0.02880873,False,0
TMEM33,0.015546231,False,0
TMEM45A,0.017000338,False,0
TMEM47,0.017272523,False,0
TMEM51,0.016437119,True,0
TMEM63C,0.011094205,False,0
TMEM64,0.019452874,False,0
TMEM68,0.01313137,False,0
TMEM74,0.037421294,False,0
TMEM87B,0.014680089,False,0
TMOD1,0.0109827835,False,0
TMPRSS12,0.017071214,False,0
TMPRSS3,0.015658122,False,0
TMSB10,0.021285007,False,0
TMSB4X,0.03919239,False,0
TMTC1,0.024269016,False,0
TMTC2,0.0134723885,False,0
TMTC3,0.0071108635,False,0
TNC,0.011133016,False,0
TNF,0.034989055,False,0
TNFAIP2,0.02340285,False,0
TNFAIP3,0.0043838182,True,0
TNFAIP6,0.071759485,True,0
TNFAIP8,0.031662796,True,0
TNFAIP8L1,0.022614973,True,0
TNFAIP8L3,0.018919636,False,0
TNFRSF10B,0.026075032,False,0
TNFRSF10C,0.016768744,True,0
TNFRSF10D,0.033141714,True,0
TNFRSF11A,0.0359651,False,0
TNFRSF13C,0.013937402,False,1
TNFRSF19,0.02422937,False,0
TNFRSF1B,0.043005716,False,0
TNFRSF21,0.025454957,False,0
TNFSF10,0.021569498,True,0
TNIK,0.006387825,False,0
TNNT1,0.005982842,False,0
TNR,0.0101923,True,0
TNS2,0.018949214,False,0
TNXB,0.010046601,False,0
TOB1,0.043136206,False,0
TOPORS,0.016800053,False,0
TOX,0.023293292,True,0
TP53,0.03341993,True,0
TP53I11,0.017465692,False,0
TP73,0.012770569,False,0
TPCN1,0.016803669,False,0
TPD52,0.013243038,True,0
TPD52L1,0.01066399,False,0
TPM1,0.010416816,False,0
TPM4,0.023850154,True,0
TPRG1,0.02738108,False,0
TPST1,0.030436473,False,0
TPTE2,0.016153973,True,0
TRAF4,0.01376178,False,0
TRAFD1,0.020185852,False,0
TRAM2,0.015321779,False,0
TRAM2-AS1,0.011074657,False,0
TRANK1,0.014954087,False,0
TRERF1,0.019383395,False,0
TRG-AS1,0.0058587687,False,0
TRHDE,0.006283873,False,0
TRIB1,0.0067211646,False,0
TRIB3,0.013509252,True,0
TRIL,0.016427577,True,0
TRIM21,0.0068941843,False,0
TRIM22,0.0029714648,False,0
TRIM28,0.011809649,True,0
TRIM5,0.026188826,False,0
TRIM56,0.011579774,False,0
TRIM69,0.021641294,True,0
TRIO,0.018105578,False,0
TRIP10,0.030831248,False,0
TRIQK,0.023793172,False,0
TRMO,0.008481144,False,0
TRMT11,0.01876204,True,0
TRPC4,0.023785956,True,0
TRPM2,0.017003374,False,0
TRPM3,0.010658755,False,0
TRPS1,0.0094402395,False,0
TRPV5,0.038805697,False,0
TRUB1,0.013594223,True,0
TSC22D1,0.007206489,False,0
TSC22D2,0.03682929,False,0
TSC22D3,0.0112239625,False,0
TSC22D4,0.029571095,False,0
TSHZ2,0.020375282,True,1
TSHZ3,0.0239833,False,0
TSN,0.015016215,False,0
TSNAX,0.016440604,False,0
TSPAN12,0.02989929,False,0
TSPAN18,0.02312367,False,0
TSPAN4,0.01798446,False,0
TSPAN9,0.00981825,False,0
TSPYL2,0.028728068,True,0
TTC16,0.014781608,True,0
TTC29,0.037357733,True,0
TTC39B,0.00024740194,False,0
TTC39C,0.013693755,False,0
TTC9,0.03626569,True,0
TTF1,0.019659158,False,0
TTLL1,0.012241172,False,0
TTLL6,0.012515238,False,0
TTLL7,0.017996876,False,0
TTN,0.031810984,False,1
TTTY14,0.013212492,False,0
TTYH1,0.016596586,True,0
TTYH3,0.018753076,True,0
TUBA1A,0.005906935,False,0
TUBA1C,0.05084903,False,0
TUBB2A,0.026297942,False,0
TUBB2B,0.011923041,False,0
TUBB3,0.022990951,True,0
TUBB6,0.022784354,False,0
TVP23A,0.013514934,False,0
TWIST1,0.015968889,False,0
TWIST2,0.009351626,False,0
TWISTNB,0.013149563,False,0
TXLNB,0.01999265,False,0
TXLNG,0.015126977,False,0
TXNDC16,0.026242811,False,0
TXNIP,0.025082465,True,0
TXNL4B,0.002621416,False,0
TYMSOS,0.016150609,False,0
U2AF1,0.0080738515,True,0
UAP1,0.0072736563,False,0
UBA52,0.018969497,False,0
UBA6-AS1,0.011087459,False,0
UBASH3B,0.020732723,False,0
UBB,0.014147737,True,0
UBC,0.0335724,False,0
UBE2E2,0.02639303,False,0
UBE2H,0.0047536474,False,0
UBE2K,0.012777195,False,0
UBE2V1,0.019583771,True,0
UBE3D,0.020171108,False,0
UBOX5-AS1,0.012167287,True,0
UBQLN1,0.014740119,False,1
UBTD1,0.01613306,False,0
UBTD2,0.020248134,False,0
UBTF,0.027267992,False,0
UBXN1,0.03181001,False,0
UCHL1,0.032407593,False,0
UCK2,0.0038035712,False,0
UGCG,0.010295976,False,0
UGDH,0.016717426,False,0
UGP2,0.01140781,False,0
UGT8,0.016742177,False,0
ULBP2,0.022098348,False,0
ULBP3,0.02861887,False,0
UNC13A,0.030604502,True,0
UNC13B,0.029491069,False,0
UNC5B,0.017092373,False,0
UNC5D,0.0040633744,False,0
UNC80,0.035091173,False,0
UPB1,0.018496634,False,0
USF2,0.006739191,False,0
USH1C,0.030516509,True,0
USP1,0.001407699,False,0
USP12,0.039221205,False,0
USP13,0.043232195,False,0
USP2,0.015762782,False,0
USP25,0.012355449,False,0
USP26,0.018898027,False,0
USP3,0.015948124,True,0
USP3-AS1,0.011293141,False,0
USP31,0.010157986,False,0
USP36,0.005064809,False,0
USP53,0.04011203,False,0
USPL1,0.021981379,False,0
UST,0.032903735,False,0
UTP18,0.01473285,False,0
UTY,0.011124808,True,0
VAMP4,0.032967154,False,0
VAMP8,0.02555637,False,0
VASN,0.0124799535,False,0
VAV1,0.03640909,False,0
VAV2,0.026643768,True,0
VAV3,0.010203071,False,0
VAV3-AS1,0.014984876,True,0
VAX2,0.015760068,False,0
VCAM1,0.0037933418,False,0
VCAN,0.016430657,False,0
VDR,0.012957073,False,0
VEGFA,0.014142244,False,0
VEGFC,0.02446279,False,0
VENTX,0.021758461,True,0
VEZF1,0.0375275,False,0
VIM,0.019921651,False,0
VIPR2,0.03187389,False,0
VKORC1L1,0.0104288785,False,0
VMP1,0.008330056,False,0
VPS18,0.008231962,False,0
VPS37B,0.019607237,False,0
VPS37C,0.016117083,False,0
VPS4B,0.029904367,False,0
VSX1,0.023002103,False,0
VWA3A,0.028260455,False,0
VWA3B,0.0054884804,True,0
VWC2,0.0073196976,False,0
VWCE,0.006311619,False,0
WARS,0.028188266,True,0
WASF1,0.011924609,False,0
WASF3,0.008763003,False,0
WDR17,0.022811413,False,0
WDR25,0.011059502,True,0
WDR31,0.021487784,False,0
WDR45,0.024171704,False,0
WDR49,0.0050189015,False,0
WDR61,0.02192364,False,0
WDR63,0.010472663,True,0
WDR64,0.018077929,False,1
WDTC1,0.009109848,False,0
WEE1,0.028772665,True,0
WFDC1,0.015140907,False,0
WIF1,0.010168055,False,0
WIPF1,0.019169755,True,0
WIPF3,0.0142585775,False,0
WNK3,0.020248268,False,0
WNT3,0.01948276,True,0
WNT5A,0.0031069415,False,0
WNT5B,0.0559828,False,0
WNT7A,0.012306848,False,0
WNT7B,0.025533943,False,0
WNT9A,0.020646539,True,0
WRNIP1,0.014201076,False,0
WSCD2,0.00759637,False,0
WT1,0.009485369,False,0
WTAP,0.007957331,False,0
WTIP,0.013256873,True,0
WWC1,0.023930416,False,0
WWC2,0.018212939,False,0
WWTR1,0.015961481,True,0
XAF1,0.009372943,False,0
XBP1,0.029394805,False,0
XIST,0.0061334595,False,0
XKR6,0.018780364,False,0
XPA,0.007287532,False,0
XRCC2,0.007366035,False,0
XYLT1,0.018028455,False,0
YARS,0.01154307,False,0
YBX1,0.011667843,False,0
YBX3,0.007655269,True,0
YES1,0.0105038,False,0
YIPF1,0.0053823185,False,0
YOD1,0.008573026,False,0
YTHDF1,0.011185444,False,0
YWHAB,0.03216054,True,0
YWHAE,0.02336646,False,0
YWHAZ,0.027189316,False,0
YY1,0.01589714,False,0
YY2,0.01938735,True,0
ZBED3-AS1,0.011489766,False,0
ZBTB10,0.022837088,False,0
ZBTB11,0.022776194,False,0
ZBTB14,0.025957298,False,0
ZBTB16,0.03364482,False,0
ZBTB17,0.00869781,False,0
ZBTB18,0.029937848,False,0
ZBTB2,0.052459136,False,0
ZBTB20,0.0011233783,False,0
ZBTB21,0.0006371241,False,0
ZBTB24,0.019874647,False,0
ZBTB25,0.027576337,False,0
ZBTB26,0.016031532,False,0
ZBTB33,0.009985353,False,0
ZBTB34,0.028992511,True,0
ZBTB37,0.031088823,False,0
ZBTB39,0.010985819,False,0
ZBTB40,0.007163474,False,0
ZBTB41,0.031242205,False,0
ZBTB42,0.03413553,True,0
ZBTB44,0.0066119274,False,0
ZBTB45,0.0130910985,False,0
ZBTB47,0.022339351,True,0
ZBTB48,0.015009276,False,0
ZBTB49,0.009307852,False,0
ZBTB5,0.015132462,True,0
ZBTB7A,0.012285502,False,0
ZBTB7B,0.017396398,False,0
ZBTB7C,0.016117318,False,0
ZBTB8A,0.0285555,False,0
ZC3H12A,0.0034146558,False,0
ZC3H12B,0.014540478,False,0
ZC3H12C,0.018626207,True,0
ZC3H6,0.031716526,False,0
ZC3H7A,0.023399157,False,0
ZC3HAV1,0.011982216,False,0
ZC4H2,0.03775755,True,0
ZCCHC17,0.008604831,False,0
ZDBF2,0.013494651,False,0
ZDHHC14,0.0009009067,False,0
ZDHHC15,0.004965378,False,0
ZDHHC5,0.008579623,False,0
ZDHHC9,0.02724298,False,0
ZEB1,0.029347567,False,0
ZEB1-AS1,0.020384038,True,0
ZEB2,0.014587253,False,0
ZFAND2A,0.01823165,True,0
ZFAND5,0.0142851565,False,0
ZFAT,0.022294262,False,0
ZFHX2,0.011983367,False,0
ZFHX3,0.03549562,False,0
ZFHX4-AS1,0.01913834,True,0
ZFP2,0.018702475,True,0
ZFP30,0.039884675,False,0
ZFP36,0.039831992,False,0
ZFP36L1,0.011706573,False,0
ZFP36L2,0.0008318674,False,0
ZFP37,0.020881008,False,0
ZFP41,0.025381565,False,0
ZFP62,0.00945301,False,0
ZFP64,0.036436252,True,0
ZFP69,0.020799031,False,0
ZFP69B,0.024017334,False,0
ZFP90,0.0074046156,False,0
ZFPM1,0.019294202,True,0
ZFPM2,0.012992247,False,0
ZFX,0.013642025,False,0
ZFY,0.026049215,False,0
ZFYVE28,0.008158028,False,0
ZGPAT,0.03296922,False,0
ZHX1,0.016443733,False,0
ZHX2,0.012379925,True,0
ZHX3,0.010137903,False,0
ZIC1,0.029444031,False,0
ZIC2,0.027452841,False,0
ZIC3,0.011476704,False,0
ZIC4,0.0022006459,False,0
ZIC5,0.023336088,True,0
ZIM2,0.058486894,False,0
ZKSCAN2,0.014921516,False,0
ZKSCAN3,0.016941084,False,0
ZKSCAN7,0.0154461535,False,0
ZKSCAN8,0.01062661,False,0
ZMIZ1-AS1,0.025332417,False,0
ZMYND8,0.014603739,False,0
ZNF10,0.01519106,True,0
ZNF100,0.022875063,False,0
ZNF107,0.020311015,False,0
ZNF112,0.011705932,True,0
ZNF12,0.012610976,False,0
ZNF121,0.0030589055,False,0
ZNF124,0.018490722,False,0
ZNF131,0.014167245,False,0
ZNF132,0.010827607,True,0
ZNF135,0.010956229,False,0
ZNF136,0.027401524,False,0
ZNF138,0.015603762,False,0
ZNF14,0.014937357,False,0
ZNF141,0.009691406,False,0
ZNF142,0.0146165285,True,0
ZNF143,0.010044272,False,0
ZNF146,0.015895296,False,0
ZNF148,0.026917746,False,0
ZNF16,0.021755777,False,0
ZNF160,0.03335594,False,0
ZNF169,0.014546258,False,0
ZNF17,0.016342727,False,0
ZNF175,0.011660499,False,0
ZNF177,0.020673027,True,0
ZNF18,0.02896527,False,0
ZNF180,0.004939005,False,0
ZNF181,0.01607269,False,0
ZNF182,0.014772361,False,0
ZNF184,0.031593714,False,0
ZNF185,0.012215841,False,0
ZNF189,0.026464375,False,0
ZNF195,0.008195441,False,0
ZNF197,0.009437511,False,0
ZNF2,0.011660877,False,0
ZNF200,0.004766424,False,0
ZNF205,0.0063118762,True,0
ZNF207,0.01690056,False,0
ZNF208,0.021829218,False,0
ZNF211,0.0066565443,False,0
ZNF214,0.024587698,True,0
ZNF215,0.020356001,False,0
ZNF217,0.027659887,True,0
ZNF219,0.013433366,False,0
ZNF222,0.0313783,False,0
ZNF225,0.010148245,False,0
ZNF226,0.014887681,True,0
ZNF227,0.043240596,False,0
ZNF232,0.007406785,False,0
ZNF235,0.017808627,False,0
ZNF236,0.0063492744,False,0
ZNF239,0.007631708,False,0
ZNF24,0.05609817,False,0
ZNF248,0.015025528,False,0
ZNF25,0.011222803,False,0
ZNF250,0.011686471,False,0
ZNF251,0.026107514,False,0
ZNF252P-AS1,0.010440907,False,0
ZNF256,0.02611993,True,0
ZNF260,0.016426407,False,0
ZNF263,0.019388543,False,0
ZNF264,0.02318555,True,0
ZNF266,0.008086357,False,0
ZNF267,0.015557655,False,0
ZNF273,0.031767707,True,0
ZNF280D,0.025236959,False,0
ZNF281,0.008723883,False,0
ZNF282,0.013670928,False,0
ZNF284,0.037734024,False,0
ZNF286A,0.023018584,False,0
ZNF295-AS1,0.025036748,False,0
ZNF3,0.01799536,False,0
ZNF30,0.009338128,False,0
ZNF304,0.014076949,False,0
ZNF320,0.0047240984,False,0
ZNF324B,0.020808168,False,0
ZNF326,0.024695432,False,0
ZNF329,0.01828168,False,0
ZNF331,0.01898548,False,0
ZNF333,0.013131142,False,0
ZNF334,0.03085322,True,0
ZNF335,0.034332864,False,0
ZNF337,0.014664819,False,0
ZNF33A,0.03832062,False,0
ZNF34,0.023827165,False,0
ZNF341,0.00033858285,False,0
ZNF341-AS1,0.018733706,False,0
ZNF345,0.023469267,False,0
ZNF350,0.014831802,True,0
ZNF354B,0.011456559,False,0
ZNF354C,0.01630264,False,0
ZNF358,0.04600342,False,0
ZNF366,0.020370208,False,0
ZNF367,0.014313948,False,0
ZNF37A,0.011074932,True,0
ZNF384,0.013190415,False,0
ZNF385A,0.019363815,False,0
ZNF385B,0.013182236,False,0
ZNF391,0.02943686,False,0
ZNF394,0.019722449,False,0
ZNF396,0.034151178,True,0
ZNF397,0.03714023,True,0
ZNF398,0.007055308,False,0
ZNF407,0.01267684,True,0
ZNF410,0.016992955,False,0
ZNF414,0.03212849,True,0
ZNF415,0.05191434,True,0
ZNF418,0.0018091085,False,0
ZNF419,0.0071062827,False,0
ZNF420,0.014155733,True,0
ZNF423,0.0064195846,False,0
ZNF425,0.019305784,False,0
ZNF426,0.029826827,True,0
ZNF43,0.031869404,True,0
ZNF433,0.0031982425,False,0
ZNF436,0.03104055,False,0
ZNF438,0.013282248,True,0
ZNF439,0.009015498,False,0
ZNF441,0.012615376,False,0
ZNF442,0.010465234,False,0
ZNF445,0.024722042,True,0
ZNF45,0.025054704,True,0
ZNF451,0.028737787,False,0
ZNF460,0.010475232,False,0
ZNF461,0.006299432,False,0
ZNF462,0.020637833,False,0
ZNF467,0.0014420239,True,0
ZNF468,0.01152534,False,0
ZNF470,0.03808978,False,0
ZNF485,0.009114378,False,0
ZNF487,0.00676867,False,0
ZNF491,0.057243492,False,0
ZNF492,0.017999724,False,0
ZNF493,0.03413278,False,0
ZNF497,0.02281122,False,0
ZNF500,0.022200102,False,0
ZNF501,0.016016329,False,0
ZNF503,0.021067997,False,0
ZNF507,0.0044355504,False,0
ZNF511,0.04966543,False,0
ZNF512,0.019652745,False,0
ZNF513,0.013039721,True,0
ZNF516,0.009948591,False,0
ZNF517,0.008868249,False,0
ZNF518A,0.022865623,False,0
ZNF519,0.029904338,False,0
ZNF521,0.012513098,False,0
ZNF524,0.008014396,False,0
ZNF526,0.0279297,False,0
ZNF527,0.011905067,False,0
ZNF529,0.008688857,False,0
ZNF532,0.016470106,False,0
ZNF536,0.014290376,False,0
ZNF546,0.015127231,False,0
ZNF547,0.0033130683,False,0
ZNF548,0.010768905,False,0
ZNF549,0.023590198,False,0
ZNF551,0.01646259,False,0
ZNF554,0.01525024,True,0
ZNF555,0.0093965,False,0
ZNF557,0.033183496,False,0
ZNF558,0.012675765,True,0
ZNF560,0.008506919,False,0
ZNF561,0.025102295,False,0
ZNF562,0.0033711223,False,0
ZNF563,0.012788423,False,0
ZNF564,0.030649414,True,0
ZNF565,0.027847443,False,1
ZNF566,0.0040111123,False,0
ZNF567,0.012399723,False,0
ZNF57,0.001291393,False,0
ZNF570,0.030872632,False,0
ZNF571,0.010588097,True,0
ZNF572,0.04257839,False,0
ZNF574,0.0080542015,False,0
ZNF575,0.00264603,False,0
ZNF576,0.014853744,False,0
ZNF577,0.015998065,False,0
ZNF578,0.0034835204,False,0
ZNF580,0.019616837,True,0
ZNF582,0.020023152,False,0
ZNF583,0.015106375,True,0
ZNF584,0.014039752,True,0
ZNF586,0.010203592,True,0
ZNF587B,0.04266618,False,0
ZNF589,0.017920492,False,0
ZNF592,0.063727856,False,0
ZNF593,0.017432598,False,0
ZNF595,0.014882408,False,0
ZNF596,0.016023232,False,0
ZNF598,0.015202951,False,0
ZNF599,0.023698071,True,0
ZNF600,0.020342974,False,0
ZNF605,0.011378571,True,0
ZNF607,0.0389209,False,0
ZNF610,0.014774013,False,0
ZNF611,0.024230847,False,0
ZNF614,0.01496249,True,0
ZNF615,0.009781026,False,0
ZNF616,0.02347757,False,0
ZNF618,0.015346733,False,0
ZNF620,0.016427154,True,0
ZNF621,0.011930926,True,0
ZNF622,0.038724624,False,0
ZNF623,0.011345384,True,0
ZNF624,0.018592667,False,0
ZNF625,0.027486442,False,0
ZNF626,0.024171244,True,0
ZNF629,0.004219968,False,0
ZNF630,0.010258474,False,0
ZNF639,0.023136048,False,0
ZNF641,0.024462128,False,0
ZNF644,0.006041005,True,0
ZNF649,0.09207097,False,0
ZNF652,0.006328484,True,0
ZNF655,0.008828679,False,0
ZNF658,0.029367222,False,0
ZNF662,0.011583487,True,0
ZNF664,0.020927323,False,0
ZNF665,0.016663626,True,0
ZNF667,0.041368343,False,0
ZNF669,0.012698138,False,0
ZNF670,0.10024901,True,0
ZNF672,0.011215112,False,0
ZNF674,0.0152531685,False,0
ZNF675,0.028823605,False,0
ZNF677,0.0065221842,False,0
ZNF678,0.0276302,False,0
ZNF680,0.016037406,False,0
ZNF681,0.012957573,True,0
ZNF682,0.0352043,False,0
ZNF683,0.027229283,False,0
ZNF687,0.03570977,False,0
ZNF688,0.012003821,False,0
ZNF691,0.020200748,False,0
ZNF692,0.018045723,False,0
ZNF696,0.008497705,False,0
ZNF697,0.012570203,False,0
ZNF699,0.049182713,False,0
ZNF70,0.021102117,False,0
ZNF700,0.025921347,False,0
ZNF704,0.012576988,False,0
ZNF706,0.018018082,True,0
ZNF707,0.012421632,False,0
ZNF708,0.006089707,False,0
ZNF71,0.017385306,False,0
ZNF710,0.01301663,False,0
ZNF711,0.010496221,False,0
ZNF713,0.020133378,True,0
ZNF714,0.036124524,False,0
ZNF717,0.012025901,False,0
ZNF727,0.008181461,False,0
ZNF732,0.016239831,False,0
ZNF736,0.01628933,False,0
ZNF74,0.022727542,True,0
ZNF746,0.02446686,False,0
ZNF749,0.017438121,False,0
ZNF75A,0.009815622,False,0
ZNF75D,0.013070016,False,0
ZNF763,0.009490765,False,0
ZNF764,0.011536748,True,0
ZNF765,0.031872515,False,0
ZNF768,0.010154895,False,0
ZNF77,0.010436427,True,0
ZNF770,0.0039715096,False,0
ZNF772,0.008761673,False,0
ZNF773,0.009900799,False,0
ZNF774,0.016479943,False,0
ZNF775,0.020588651,False,0
ZNF776,0.016219327,False,0
ZNF777,0.01294108,False,0
ZNF778,0.024937395,False,0
ZNF780A,0.10768236,False,0
ZNF783,0.030859184,False,0
ZNF784,0.032110292,False,0
ZNF79,0.03184724,True,0
ZNF790,0.024002725,False,0
ZNF791,0.008372853,False,0
ZNF8,0.021497952,True,0
ZNF80,0.015348052,False,0
ZNF800,0.009798018,False,0
ZNF804A,0.009300215,False,0
ZNF804B,0.011093766,False,0
ZNF805,0.015318512,False,0
ZNF808,0.019400302,False,0
ZNF813,0.022916807,False,0
ZNF816,0.017328694,False,0
ZNF821,0.022461137,False,0
ZNF823,0.014597941,False,0
ZNF827,0.009268505,False,0
ZNF829,0.018199207,False,0
ZNF83,0.016938988,False,0
ZNF831,0.008082968,True,0
ZNF835,0.030835798,True,0
ZNF84,0.032016497,False,0
ZNF841,0.016322011,False,0
ZNF843,0.02221474,False,0
ZNF844,0.016674552,False,1
ZNF85,0.016188178,False,0
ZNF850,0.0076553114,False,0
ZNF860,0.016477577,True,0
ZNF878,0.008898498,False,0
ZNF879,0.021342104,False,0
ZNF880,0.00558371,False,0
ZNF883,0.014406459,False,0
ZNF891,0.015963824,False,0
ZNF92,0.019529074,False,0
ZNF98,0.0063203755,False,0
ZNFX1,0.013783749,False,0
ZNRF1,0.014760728,False,0
ZNRF2,0.030947918,False,0
ZNRF3,0.0048303795,False,0
ZPLD1,0.013129201,False,0
ZSCAN1,0.009135703,True,0
ZSCAN12,0.010692265,False,0
ZSCAN18,0.020270688,False,0
ZSCAN20,0.042585958,False,0
ZSCAN21,0.01647852,True,0
ZSCAN23,0.03083582,False,0
ZSCAN26,0.048575874,False,0
ZSCAN31,0.008002843,False,0
ZSCAN5A,0.011366799,False,0
ZSCAN9,0.017268151,False,0
ZSWIM1,0.0026496865,False,0
ZSWIM5,0.037732936,False,0
ZSWIM6,0.004370502,False,0
ZXDB,0.018125024,True,0
ZXDC,0.014755653,False,0
