gene,score,validation,label
AACS,0.16806252,False,0
AAMDC,0.10007047,False,0
ABCA1,0.13384753,False,0
ABCA13,0.06388974,False,1
ABCF2,0.053966917,False,0
ABCG1,0.050058085,False,0
ABHD13,0.16774839,True,0
ABHD3,0.067018,True,0
ABL1,0.16020831,False,0
ACAP2,0.11179524,True,0
ACSBG2,0.0071723065,False,0
ACTB,0.087435536,False,1
ACTG1,0.07633441,True,0
ACTL6A,0.12377512,False,0
ACTN1,0.13193594,False,0
ACTN2,0.08207153,False,0
ACTRT3,0.10647547,False,0
ACVR1,0.14555666,False,0
ACVR1B,0.1364424,False,0
ACVR1C,0.12471754,False,0
ADAM23,0.10019551,False,0
ADAM28,0.06771305,False,0
ADAM32,0.055573724,False,0
ADAMTS1,0.07775071,False,0
ADAMTS15,0.033755157,False,0
ADAMTS18,0.06389143,False,0
ADAMTS3,0.13829386,False,0
ADAMTS8,0.17558053,True,0
ADAMTS9,0.07692043,True,0
ADAMTSL1,0.11815546,False,0
ADCY1,0.07607444,False,0
ADD3-AS1,0.1243512,True,0
ADGRB3,0.17470387,True,0
ADGRD1,0.078264505,False,0
ADGRF3,0.113792345,True,0
ADGRF5,0.0070990226,False,0
ADGRL2,0.17199226,False,0
ADGRL3,0.17335513,False,0
ADNP,0.17017391,False,1
ADNP2,0.1628937,False,0
ADPRHL1,0.09764045,False,0
ADRA1A,0.100195386,True,0
ADRA1D,0.08435181,False,0
ADRB1,0.16752368,False,0
AFF1,0.14488292,False,0
AFF2,0.047139887,True,1
AFF4,0.1676366,False,0
AGAP1,0.17558053,False,1
AGAP2,0.17558053,True,1
AGTR1,0.17399436,False,0
AHCTF1,0.055573232,False,0
AHCYL2,0.084516086,False,0
AHDC1,0.16752368,True,1
AHR,0.15441716,True,0
AHRR,0.14208809,False,0
AHSA1,0.05557107,False,0
AIRE,0.0403785,False,0
AK5,0.1571965,True,0
AKAP13,0.16752368,False,0
ALDH1A1,0.0023699056,False,0
ALDH1A2,0.075380325,False,0
ALDOC,0.08286541,True,0
ALK,0.16806252,False,0
ALOX5,0.07692049,False,0
ALS2CL,0.07692049,True,0
ALX3,0.10647923,False,0
AMIGO2,0.1522005,False,0
AMMECR1,0.16752368,False,0
ANK1,0.07135838,True,0
ANKRD30B,0.15416631,False,0
ANKRD34B,0.13105883,False,0
ANKRD35,0.100524746,False,0
ANKRD50,0.15642639,False,0
ANKRD6,0.17335513,False,0
ANKRD9,0.039068203,False,0
ANKS1B,0.169804,False,1
ANLN,0.10648095,False,0
ANO6,0.15147321,False,0
ANOS1,0.04662019,False,0
ANTXR2,0.07692051,False,0
ANXA1,0.07692047,False,1
ANXA11,0.13916588,True,0
ANXA2,0.07104586,False,0
ANXA4,0.16806252,False,0
AP1S2,0.1547248,False,0
AP2M1,0.07607465,False,1
APBB1IP,0.06604337,False,0
APCDD1,0.14444065,False,0
APLF,0.076920606,False,0
APLP2,0.16806254,False,0
APOC1,0.06575521,False,0
APOC2,0.06848157,True,0
APOE,0.06260667,False,0
APP,0.1648896,False,0
AQP4,0.0576657,False,0
ARAP2,0.11815479,False,0
ARC,0.08194508,False,0
ARF3,0.05927119,False,1
ARFGAP1,0.075543225,False,0
ARFGEF3,0.07356401,False,0
ARHGAP15,0.06771305,False,0
ARHGAP18,0.050055545,True,0
ARHGAP20,0.09563656,True,0
ARHGAP24,0.09040351,False,0
ARHGAP26,0.14128637,False,0
ARHGAP29,0.039068203,False,0
ARHGAP31,0.050056,True,0
ARHGAP4,0.08712394,False,0
ARHGAP42,0.16752368,False,0
ARHGAP6,0.093198605,False,0
ARHGDIG,0.06985608,False,0
ARHGEF10,0.12422234,False,1
ARHGEF28,0.06628564,False,0
ARHGEF3,0.07391047,False,0
ARHGEF37,0.03748529,False,0
ARID3A,0.10030936,False,0
ARID3B,0.17558053,False,0
ARID5B,0.08155818,False,0
ARL6IP1,0.07795976,False,0
ARMC3,0.05298844,True,0
ARNT2,0.13193059,False,1
ARNTL,0.08599484,False,0
ARNTL2,0.12187408,False,0
ARPC5L,0.11379297,True,0
ARPP19,0.076071344,False,0
ARPP21,0.14905138,True,0
ARRDC3-AS1,0.12834595,False,0
ARTN,0.07009366,False,0
ARX,0.06477106,False,1
ASAP1,0.14866717,False,0
ASAP2,0.14435829,True,1
ASAP3,0.052039515,False,0
ASB2,0.052967027,False,0
ASB5,0.062424608,True,0
ASCL1,0.16806252,False,0
ASCL2,0.086499795,False,0
ASIC4,0.17558053,True,0
ASPSCR1,0.015602773,False,0
ASXL3,0.15390202,False,1
ATF2,0.1753128,False,0
ATF3,0.07701298,True,0
ATF7IP2,0.051949054,False,0
ATG5,0.17558053,False,0
ATOH8,0.07692051,False,0
ATP10A,0.046614043,False,1
ATP1A2,0.096901946,False,0
ATP1B2,0.10147981,False,0
ATP2B4,0.117704235,False,0
ATP2C1,0.15135571,False,0
ATP2C2,0.0670186,False,0
ATP6V0C,0.0779624,False,0
ATP6V1A,0.093818665,False,0
ATP8A1,0.158154,False,0
ATP8B1,0.16806252,False,0
ATRAID,0.052966904,False,0
ATRNL1,0.17158355,True,0
AVEN,0.16351487,False,0
AZIN2,0.051949028,False,0
B2M,0.06272201,False,0
B3GALNT2,0.12187408,False,0
B3GALT5,0.075954,False,0
B3GAT1,0.15576641,False,0
B3GAT2,0.08422039,False,0
B3GLCT,0.0632808,False,0
B4GALNT3,0.17558053,False,0
B4GALT5,0.18182021,False,0
B4GAT1,0.09088781,False,0
BAALC,0.13368084,False,0
BACH1,0.1670311,False,0
BACH2,0.14740711,False,0
BAG2,0.1318689,False,0
BAG3,0.077962615,False,0
BAIAP3,0.039068196,False,0
BASP1,0.13649142,False,0
BBS9,0.16806252,True,0
BBX,0.1688968,False,0
BCAN,0.08047443,True,0
BCAR3,0.14449163,True,0
BCAS1,0.039068572,False,1
BCAS2,0.08649667,True,0
BCL11A,0.1486246,False,1
BCL11B,0.14294542,False,1
BCL6,0.09837262,False,0
BCLAF1,0.1643306,False,0
BDKRB2,0.030717812,False,0
BDNF,0.14893746,False,0
BEAN1,0.07607461,True,0
BEGAIN,0.07135833,False,0
BEND3,0.107634515,False,0
BEND4,0.17558049,False,0
BEX1,0.06945472,False,0
BEX2,0.0529673,False,0
BHLHE22,0.061838757,False,0
BICC1,0.052967716,False,0
BICDL1,0.10019548,False,1
BLCAP,0.16806252,True,0
BLM,0.07692052,False,0
BLNK,0.015350099,True,0
BMPER,0.14890593,True,0
BMPR1A,0.16527846,True,0
BMPR1B,0.09762597,False,0
BNC2,0.06704097,True,0
BOK-AS1,0.119382925,False,0
BRCA1,0.17241974,False,0
BRCA2,0.08649224,False,1
BRF1,0.124961786,True,0
BRI3BP,0.15098935,True,0
BRINP2,0.14933468,True,0
BRINP3,0.13733009,False,1
BRIP1,0.0670542,False,0
BSN,0.039068274,False,0
BTBD17,0.007099208,False,0
BTBD3,0.17392017,True,0
BTN3A2,0.062723614,False,0
BVES-AS1,0.07692047,True,0
C10orf90,0.067018114,True,0
C12orf56,0.14656137,False,0
C19orf53,0.06985598,False,0
C1QA,0.07692052,False,0
C1QB,0.073506944,False,0
C1QTNF1,0.10641051,False,0
C1QTNF4,0.06272167,False,0
C1orf21,0.15931152,False,0
C1orf226,0.039068304,False,0
C1orf61,0.10019541,False,0
C2,0.06813673,True,0
C21orf91,0.1001956,False,0
C2orf72,0.10052526,False,0
C2orf88,0.16736875,False,0
C3,0.08036638,False,0
C3orf67-AS1,0.05194908,False,0
C4BPA,0.10052385,False,0
C4orf47,0.07197634,False,0
C4orf48,0.07692047,True,0
C6orf47,0.06594722,False,0
C7orf50,0.12471754,False,0
C8orf34-AS1,0.032355618,True,0
C9orf16,0.060112268,False,0
CA10,0.043029916,False,0
CA12,0.050055645,False,0
CA2,0.098196395,False,0
CA3,0.1326694,False,0
CA8,0.077962324,False,0
CAB39L,0.07473314,False,0
CABLES1,0.05296711,False,0
CABP7,0.07994978,False,0
CACHD1,0.14594615,False,0
CACNA1D,0.13621597,True,1
CACNA1G,0.16806252,True,1
CACNA1I,0.12834598,True,1
CACNA2D1,0.16937394,False,1
CACNB2,0.14705755,False,1
CACNG4,0.09563674,False,0
CACYBP,0.11377158,False,0
CADM2,0.17066008,False,1
CADPS2,0.16246858,False,1
CALB1,0.16806252,False,0
CALB2,0.07588928,False,0
CALCR,0.06848189,True,0
CALM1,0.10152132,False,0
CALN1,0.1710449,True,0
CALR,0.052778315,True,0
CALY,0.09563652,False,0
CAMK1D,0.16806252,False,0
CAMK2D,0.17399436,False,0
CAMK2N1,0.11145776,False,0
CAMK2N2,0.0802699,False,0
CAMKK2,0.1675237,False,0
CANX,0.15154576,False,0
CAPN1,0.04337494,True,0
CARD14,0.07692051,False,0
CARD9,0.07692047,True,0
CARF,0.07135887,False,0
CARMIL3,0.06272119,False,0
CASC15,0.17558053,True,0
CASP7,0.09563686,False,0
CASQ1,0.067018,True,0
CAST,0.16806252,False,0
CBARP,0.037394468,False,0
CBFA2T2,0.13359696,False,0
CBLB,0.07674182,False,0
CBLN1,0.10649721,False,0
CBLN2,0.16806252,False,0
CBX6,0.13359694,False,0
CCDC125,0.001853947,False,0
CCDC178,0.1650076,False,0
CCDC26,0.048996184,False,0
CCDC34,0.16228394,False,0
CCDC85B,0.11610459,False,0
CCK,0.10019548,False,0
CCND2-AS1,0.10855485,False,0
CCNI,0.18209751,False,0
CCNY,0.075380355,False,0
CCNYL1,0.17558053,False,0
CD163,0.07692049,False,0
CD44,0.08449231,False,0
CD47,0.17558053,False,0
CD59,0.13368084,False,0
CD63,0.060845472,False,0
CD81,0.07796238,False,0
CDC14B,0.108511746,False,0
CDCP1,0.06848209,False,0
CDH10,0.0956366,False,1
CDH11,0.12183527,True,1
CDH2,0.17666769,False,1
CDH20,0.18576255,False,0
CDH23,0.12991598,False,0
CDH4,0.120436266,False,0
CDH6,0.09767394,False,0
CDH7,0.11815448,False,0
CDH8,0.1547248,False,1
CDH9,0.051949006,False,1
CDK14,0.16798468,True,0
CDK19,0.12826754,False,1
CDK2AP1,0.06848205,False,0
CDK5RAP2,0.0849517,False,1
CDK6,0.14985855,False,0
CDK8,0.062161736,False,0
CDKN1C,0.09079948,False,0
CDKN2A,0.0919686,True,0
CDKN2B-AS1,0.15370376,False,0
CDKN2D,0.05296692,False,0
CDON,0.15683846,True,1
CDYL2,0.14437643,False,0
CEBPA,0.100524224,False,0
CEBPG,0.09099329,False,0
CECR2,0.1465614,True,1
CELF2,0.16487078,False,1
CELF4,0.10569825,False,1
CELF5,0.1755805,False,0
CELF6,0.095634654,False,1
CEMIP,0.10007036,False,0
CEP112,0.16047637,True,0
CER1,0.06492936,False,0
CERCAM,0.1556151,False,0
CERS2,0.0670187,False,0
CERS5,0.16806252,False,0
CFAP161,0.13643043,False,0
CFAP53,0.055569492,True,0
CFDP1,0.13368084,True,0
CFL1,0.08013719,False,0
CFL2,0.0875614,False,0
CFTR,0.032349776,False,0
CGGBP1,0.16486321,False,0
CHAC1,0.08286208,False,0
CHAMP1,0.14580466,True,1
CHD1,0.15305386,False,1
CHD3,0.06790877,False,1
CHD7,0.13260867,False,1
CHGA,0.080124974,False,0
CHI3L1,0.056882396,False,0
CHN1,0.16059984,False,0
CHORDC1,0.08286171,False,0
CHRDL1,0.15166548,False,0
CHRM2,0.17551543,False,0
CHST8,0.089368396,False,0
CHST9,0.060220484,False,0
CHSY1,0.16254063,False,0
CHSY3,0.165657,False,0
CIB4,0.067017846,False,0
CITED2,0.06189168,False,0
CITED4,0.069856495,False,0
CKB,0.07607199,False,0
CLASP1,0.17558053,False,1
CLDN10-AS1,0.063908845,False,0
CLDN11,0.16806252,False,0
CLDN5,0.0674003,False,0
CLEC19A,0.052967336,False,0
CLGN,0.12422235,False,0
CLIP3,0.052967,False,0
CLMP,0.10584264,False,0
CLOCK,0.1543673,True,0
CLSTN1,0.16752368,False,0
CLSTN2,0.043040413,True,0
CLU,0.06272196,False,0
CLVS1,0.095636636,True,0
CMTM7,0.06848178,False,0
CNBP,0.14832425,False,0
CNIH3,0.05005498,True,0
CNKSR2,0.17217508,True,1
CNNM1,0.051949356,False,0
CNOT3,0.03747388,False,1
CNOT4,0.17994532,False,0
CNR1,0.14740707,True,1
CNTLN,0.07135835,False,0
CNTN1,0.15121546,False,0
CNTN2,0.16806252,False,0
CNTN4,0.1710449,False,1
CNTNAP3B,0.075380474,False,0
CNTNAP5,0.16822547,False,1
COBLL1,0.13862339,False,0
COL10A1,0.039068274,False,0
COL19A1,0.16806252,False,0
COL1A1,0.02562018,False,0
COL1A2,0.085234225,True,0
COL21A1,0.0681114,False,0
COL23A1,0.17558053,False,0
COL24A1,0.16806252,False,0
COL4A5,0.052967038,False,0
COL9A1,0.0571012,False,0
COLEC12,0.15561432,False,0
COMMD10,0.09563686,False,0
COPS9,0.07607444,False,0
COPZ2,0.069384366,True,0
CORO1C,0.15464044,False,0
CPE,0.17558056,False,0
CPEB1,0.052035376,False,0
CPEB2,0.16409458,False,0
CPED1,0.0679768,False,0
CPLX3,0.113792636,False,0
CPM,0.16806254,False,0
CPNE2,0.074648544,True,0
CPNE8,0.17558053,True,0
CPQ,0.07135833,True,0
CREB1,0.19039632,False,0
CREB3,0.07607482,False,0
CREB3L1,0.11379051,False,0
CREB3L2,0.04328614,False,0
CREG2,0.076074526,False,0
CREM,0.1623441,False,0
CRIM1,0.12925787,False,0
CRISPLD1,0.17558053,False,0
CRX,0.062089585,False,0
CRYBB2,0.04898826,False,0
CRYL1,0.14656128,False,0
CSF1,0.069854,False,0
CSF1R,0.09298632,False,0
CSMD1,0.16752368,False,1
CSMD2,0.09563654,False,0
CSNK1G3,0.14274384,False,0
CSNK2B,0.021503434,False,0
CSRP1,0.07760748,True,0
CSRP2,0.06701853,False,0
CST3,0.061555754,False,0
CTBP2,0.09907969,False,0
CTCF,0.17558053,True,1
CTCFL,0.1028113,True,0
CTNNA2,0.15370369,False,0
CTNNB1,0.13554823,False,1
CTNND2,0.14516659,False,1
CTPS2,0.09819448,False,0
CTRC,0.052036036,False,0
CUTA,0.07607474,False,0
CUX1,0.16282015,True,1
CXCL14,0.052967157,False,0
CXXC5,0.11522448,False,0
CYB5R1,0.17558053,True,0
CYBA,0.058161367,True,0
CYSTM1,0.17558053,False,0
CYTH3,0.09563657,False,0
DAB2,0.062424745,False,0
DACH1,0.043023292,False,0
DACH2,0.056372564,False,0
DAPK1,0.15816218,False,0
DBP,0.06701901,False,0
DBX2,0.11610221,False,0
DCAF16,0.06985604,True,0
DCC,0.17558058,False,1
DCHS2,0.09563649,False,0
DCLK1,0.14555666,False,0
DCTD,0.052320674,False,0
DCUN1D1,0.12834598,True,0
DDIT4,0.0779622,False,0
DDR2,0.16806252,True,0
DDX4,0.10019543,True,0
DDX60,0.040175892,False,0
DDX60L,0.08894402,True,0
DEGS1,0.063105114,False,0
DENND3,0.07607434,True,0
DGCR8,0.12834595,False,0
DGKH,0.16941963,False,0
DGUOK-AS1,0.07359351,True,0
DIAPH1,0.14518043,False,0
DIAPH2,0.16806252,False,0
DIDO1,0.10007059,True,0
DISC1FP1,0.032360304,False,0
DISP1,0.069488026,True,0
DISP3,0.12864856,False,0
DLC1,0.15561308,False,0
DLEC1,0.067999974,False,0
DLEU1,0.13120203,True,0
DLEU2,0.13094787,False,0
DLEU7,0.11624424,False,0
DLGAP2,0.16752368,False,1
DLX1,0.1496219,False,0
DLX2,0.019918164,False,1
DLX6-AS1,0.092523105,False,0
DMC1,0.10019554,False,0
DMD,0.09144365,False,0
DNAH7,0.16806252,False,0
DNAJB1,0.06701823,False,0
DNAJB2,0.051949028,False,0
DNAJB6,0.1571965,False,0
DNAJC21,0.10019333,False,0
DNM3,0.18307559,False,0
DOC2B,0.07936458,False,0
DOCK2,0.07692052,False,0
DOCK8,0.07692053,False,1
DOK6,0.17358382,False,0
DPF1,0.052966963,True,0
DPF3,0.07135838,False,0
DPP10,0.17439425,False,1
DPP10-AS1,0.16806252,False,0
DPY19L1,0.165657,False,0
DPYD,0.17558053,True,1
DPYSL3,0.089946635,False,1
DR1,0.10641017,False,0
DRP2,0.0311639,False,0
DSE,0.13398209,False,0
DSTYK,0.16806252,True,0
DTNA,0.15212552,False,0
DTWD2,0.020293506,False,0
DUS3L,0.0753803,True,0
DUSP19,0.07796225,True,0
DUSP5,0.111549474,False,0
DUSP6,0.0753803,True,0
DYNLL1,0.05777626,True,0
E2F1,0.071358524,True,0
E2F3,0.16806252,False,0
E2F5,0.11460182,False,0
E2F6,0.13193505,False,0
EBAG9,0.11761449,False,0
EBF4,0.041409664,False,0
ECE1,0.1571965,False,0
ECT2L,0.077962674,False,0
EDA,0.060075995,False,0
EDF1,0.07791165,True,0
EDIL3,0.20292643,False,0
EDN1,0.16806252,False,0
EDNRB,0.070297256,False,0
EEF1D,0.08660962,False,0
EFCAB13,0.098193906,False,0
EFHC2,0.069855876,False,0
EFNA1,0.06985478,False,0
EFNA3,0.07036599,False,0
EFNA5,0.16806252,False,0
EFNB2,0.100195564,False,0
EGFL7,0.07908262,False,0
EGFR,0.12846011,False,0
EGLN3,0.110559985,False,0
EGR1,0.08194165,True,0
EGR3,0.069808505,False,1
EGR4,0.08649001,False,0
EID1,0.09563657,False,0
EIF1,0.05927048,False,0
EIF1AX,0.09249404,False,0
EIF2S2,0.054840147,True,0
EIF4G2,0.15667038,False,0
ELF2,0.15417151,False,0
ELF3,0.076920606,False,0
ELF4,0.07692049,False,0
ELK3,0.020290812,False,0
ELMO2,0.0956366,True,0
ELN,0.08284305,False,0
ELOVL2,0.15370399,False,1
ELOVL5,0.08193891,False,0
ELOVL6,0.15184458,False,0
ELOVL7,0.100195765,False,0
EML1,0.17558053,False,0
EML6,0.052820224,False,0
EMX2,0.062722,False,0
EMX2OS,0.079673745,False,0
ENAH,0.17220202,False,0
ENC1,0.16806252,False,0
ENO1,0.06189168,False,0
ENO2,0.06985608,False,0
EP300,0.10007064,False,1
EPAS1,0.07692052,False,0
EPB41L2,0.14821437,False,0
EPB41L3,0.17630227,False,0
EPB41L4B,0.097941816,False,0
EPHA3,0.16806252,True,0
EPHA4,0.16760589,False,0
EPHA5,0.17331703,False,0
EPHA5-AS1,0.17558058,False,0
EPHA6,0.15974449,True,0
EPHA7,0.17698514,True,0
EPHB1,0.1251885,False,1
EPHB2,0.14109054,False,1
EPHX4,0.12383739,False,0
EPS8,0.14740716,False,0
EPSTI1,0.07692052,False,0
ERBB3,0.15565903,False,0
ERC1,0.05203399,False,0
ERC2,0.15547071,False,0
ERF,0.07819543,False,0
ERG,0.107576355,False,1
ESR2,0.16806252,True,1
ESRRG,0.13774736,True,0
ETS1,0.08855346,False,0
ETS2,0.076074325,False,0
ETV3,0.12400642,False,0
ETV6,0.16055551,False,0
EVI2A,0.062721364,True,0
EXPH5,0.051949028,False,0
EXT1,0.058725003,False,1
EXTL3,0.1253346,False,0
EYA4,0.17551544,False,0
EZH2,0.1522005,True,0
EZR,0.07690771,False,0
F12,0.05203491,False,0
F3,0.0973235,False,0
FAIM2,0.05191712,True,0
FAM102B,0.15669405,True,0
FAM107B,0.14467688,False,0
FAM110B,0.12719025,False,0
FAM126A,0.14107251,False,0
FAM135B,0.17558058,False,0
FAM13A,0.12564783,False,0
FAM153A,0.16806252,True,0
FAM153B,0.18182041,False,0
FAM160A1,0.12183545,False,0
FAM169B,0.05925475,False,0
FAM189A1,0.09819566,True,0
FAM216B,0.03748226,False,0
FAM217A,0.031173322,False,0
FAM53B,0.100195564,True,0
FAM78B,0.17558053,True,0
FAM81A,0.08941396,False,0
FAM83H,0.07692049,False,0
FANCC,0.14830694,False,0
FANCL,0.124223225,False,0
FANK1,0.09819437,True,0
FAR2,0.17558053,True,0
FAT1,0.13204233,True,1
FAT3,0.11379059,False,0
FAT4,0.14781997,False,0
FBN2,0.076773435,False,0
FBXL19,0.08286301,False,0
FBXL7,0.16952467,False,0
FBXO32,0.13934952,False,0
FBXO34,0.16806252,False,0
FBXW8,0.0753802,False,0
FCHO2,0.17335516,False,0
FER1L6-AS1,0.068482235,False,0
FERMT1,0.060220685,False,0
FEZ1,0.05296705,False,0
FGF1,0.075380355,False,0
FGF2,0.03906851,False,0
FGFR1,0.16752368,False,1
FGFR2,0.06985401,False,0
FGFR3,0.088266976,False,0
FGL1,0.076920606,False,0
FHL1,0.14497605,False,0
FHL2,0.15896726,False,0
FHOD3,0.17558056,False,0
FIGN,0.11101458,False,0
FIP1L1,0.1571965,False,0
FIZ1,0.0557082,False,0
FKBP1A,0.11815662,False,0
FKBP5,0.14939933,False,0
FLI1,0.05367276,False,0
FLNA,0.06985593,False,1
FLNC,0.07692053,False,0
FLT3,0.13457859,False,0
FLVCR2,0.06771299,True,0
FMNL2,0.17558058,False,0
FMNL3,0.05728715,False,0
FN1,0.06985608,False,0
FNDC3B,0.14877175,False,0
FNDC4,0.051948875,False,0
FOS,0.037393168,False,0
FOSB,0.07918835,False,0
FOSL2,0.08255272,True,0
FOXC1,0.07692053,False,0
FOXE3,0.052966896,True,0
FOXG1,0.06632592,False,1
FOXJ2,0.13193715,False,0
FOXJ3,0.13898402,False,0
FOXK1,0.1250696,False,0
FOXL1,0.03816476,False,0
FOXN2,0.16529989,False,0
FOXN3,0.14057998,True,0
FOXN4,0.08286374,False,0
FOXO1,0.13204558,True,0
FOXO3,0.14369151,True,0
FOXP1,0.14506046,False,1
FOXP3,0.04899088,True,0
FOXQ1,0.076019265,False,0
FPR1,0.079729185,False,0
FRAS1,0.14277866,False,0
FRMD5,0.16226077,True,0
FRMD6,0.16806252,False,0
FRMPD1,0.1001956,False,0
FSIP1,0.0906587,False,0
FST,0.05956437,True,0
FSTL4,0.16433065,False,0
FSTL5,0.16752368,False,0
FTCDNL1,0.118459314,False,0
FTL,0.12497698,False,0
FUBP1,0.16806252,True,0
FUT8,0.1729486,False,0
FUT9,0.16085544,False,0
FXYD1,0.11284202,True,0
FYCO1,0.10645675,False,0
GAB1,0.17558053,False,0
GAB3,0.07485904,False,0
GABARAP,0.063222475,True,0
GABARAPL1,0.07058199,False,0
GABRA2,0.20292647,False,0
GABRA4,0.15816215,False,1
GABRD,0.03906845,False,0
GADD45A,0.075380415,False,0
GAL,0.07193471,False,0
GALNT13,0.15089333,False,1
GALNT14,0.1465614,False,1
GALNT7,0.18307559,False,0
GALNTL6,0.16517231,False,0
GALR1,0.094634384,False,0
GAP43,0.12783079,False,0
GAPDH,0.06180253,True,0
GAS1,0.062041216,False,0
GAS2,0.14530882,False,1
GAS2L3,0.1001955,False,0
GATA1,0.050056733,False,0
GATAD2A,0.18307559,True,0
GBE1,0.052966837,True,1
GBGT1,0.0017978958,False,0
GCA,0.067053616,False,0
GCH1,0.17558053,False,0
GFAP,0.06272201,False,1
GFI1,0.100565195,False,0
GFOD1,0.16527846,False,0
GINS1,0.16855952,False,0
GINS3,0.05005438,True,0
GIPC2,0.082842596,False,0
GJC1,0.07955827,True,0
GLCE,0.17551541,False,0
GLI3,0.11560949,False,0
GLI4,0.04712333,False,0
GLIS1,0.1242238,False,1
GLIS2,0.05988546,True,0
GLIS3,0.17551541,False,0
GLO1,0.0670186,False,1
GLP1R,0.06067761,False,0
GMPR,0.06272189,False,0
GNA15,0.091377705,False,0
GNAQ,0.12441144,False,0
GNAS,0.07865644,False,1
GNB3,0.052967,False,0
GNG12-AS1,0.15741448,False,0
GOLGA8B,0.020289848,False,0
GOLGA8M,0.030541962,False,0
GOT1,0.08643026,False,0
GPC5,0.15561229,False,1
GPM6A,0.039068185,False,0
GPM6B,0.07538026,False,0
GPR143,0.040144097,False,0
GPR156,0.12422277,False,0
GPR173,0.1818203,False,0
GPR176,0.10055409,False,0
GPR39,0.0759743,False,0
GPR63,0.15650968,True,0
GPR88,0.059564512,True,0
GPR89B,0.05557512,False,0
GPSM2,0.10569771,False,0
GRASP,0.071977235,True,0
GRB14,0.052966896,True,0
GRIA4,0.13561901,False,0
GRID2,0.14555666,False,1
GRIK1,0.16806252,False,0
GRIK4,0.14449158,False,1
GRIN3A,0.15288076,True,0
GRINA,0.063107766,False,0
GRM1,0.16752368,False,0
GRM2,0.05846253,False,0
GRM3,0.13904211,False,0
GRM4,0.06272128,False,0
GRPEL2-AS1,0.08286099,False,0
GSAP,0.1710449,True,0
GSE1,0.047118623,False,0
GSTCD,0.047840446,False,0
GSTM3,0.052967083,False,0
GTF2A2,0.16806252,False,0
GTF2I,0.1666915,False,1
GTF3C5,0.07692047,False,0
GTPBP1,0.08648908,True,0
GULP1,0.17551541,True,0
H1FX,0.061837845,False,0
H2AFZ,0.05296693,True,0
HAPLN1,0.104723,False,0
HBB,0.039068248,False,0
HBP1,0.20292643,False,0
HCK,0.06848211,False,0
HCLS1,0.05837503,True,0
HCN1,0.1537042,False,1
HDAC1,0.052799933,False,0
HDAC2,0.16752368,False,0
HDAC4,0.12313521,False,1
HDAC9,0.1264586,False,0
HDX,0.015610465,False,0
HECW1,0.15390207,False,0
HECW1-IT1,0.10929429,False,0
HECW2,0.14596187,True,1
HEPACAM,0.1556122,False,0
HERC3,0.17335513,False,0
HERPUD1,0.06705404,False,0
HES1,0.048050176,False,0
HES5,0.07602656,False,0
HES7,0.07692047,True,0
HEY2,0.06808889,False,0
HEYL,0.019760871,False,0
HFM1,0.129285,False,0
HHEX,0.054395933,False,0
HHIP,0.17558049,False,0
HIC1,0.15561332,False,0
HIC2,0.07493102,False,0
HIF3A,0.06810802,False,0
HIP1,0.1435884,False,0
HIPK4,0.0719769,False,0
HIST1H2BJ,0.08649424,False,0
HIST1H4C,0.052778155,False,0
HIST2H2AA4,0.06848217,False,0
HIST2H2BE,0.06848211,False,0
HIVEP1,0.14384939,False,0
HIVEP2,0.14640799,False,1
HIVEP3,0.16791174,False,1
HLA-A,0.06813724,False,1
HLA-B,0.059564646,False,1
HLA-F,0.08770762,False,0
HLTF,0.14656143,False,0
HLX,0.06984066,False,0
HLX-AS1,0.07017123,True,0
HMBOX1,0.20292643,False,0
HMCES,0.16806255,False,0
HMG20A,0.07135845,False,0
HMG20B,0.05806626,False,0
HMGA2,0.050055467,False,0
HMGB2,0.1284595,True,0
HMGB3,0.0018629878,False,0
HMGCLL1,0.17558053,False,0
HMGXB4,0.100195564,False,0
HNF1B,0.07323675,False,0
HNRNPA1,0.06310534,False,0
HNRNPC,0.14369152,False,0
HNRNPH3,0.1786645,False,0
HNRNPLL,0.064626016,False,0
HOMER1,0.12992963,False,1
HOPX,0.14656143,False,0
HORMAD2,0.052967064,False,0
HP1BP3,0.16822806,False,0
HPCAL1,0.09563667,False,0
HPCAL4,0.16806252,False,0
HPRT1,0.16752368,False,0
HRH2,0.039068248,False,0
HS3ST1,0.1504675,True,0
HS3ST2,0.039068226,False,0
HS3ST3A1,0.05816502,False,0
HS6ST3,0.16806252,False,0
HSF2,0.06246504,False,0
HSP90AB1,0.052966867,True,0
HSP90B1,0.10148034,False,0
HSPA1B,0.0670186,False,0
HSPA4L,0.1172875,False,0
HSPA5,0.0828603,True,0
HSPA8,0.063104026,False,0
HSPB1,0.06701846,False,0
HSPB8,0.08885101,False,0
HTR1E,0.16806252,True,0
HTR1F,0.20292647,False,0
HTR2C,0.12992774,False,0
HTR3B,0.051948868,True,0
HTR7,0.16806255,False,0
HUNK,0.06310385,False,0
IARS,0.055576537,False,0
ICA1L,0.16810258,False,0
ID1,0.0632199,False,0
ID4,0.07615583,False,0
IDI2-AS1,0.039068233,False,0
IDS,0.10151939,False,0
IFI44L,0.0679768,False,0
IFITM3,0.06836032,False,0
IFT88,0.09819387,False,0
IGF1,0.12055726,True,1
IGF1R,0.16316003,False,0
IGF2BP3,0.16601749,False,0
IGSF11,0.12864855,False,0
IGSF21,0.052034795,False,0
IKZF1,0.10866512,False,1
IKZF2,0.17558053,True,0
IL15,0.15220052,False,0
IL16,0.06701832,False,0
IL17D,0.0202969,False,0
IL19,0.03817528,False,0
IL1B,0.07219469,True,0
IL1RAPL2,0.16806252,True,1
INHBA-AS1,0.09563453,False,0
INMT,0.100524716,True,0
INPP5D,0.07918596,False,0
INSIG2,0.14369152,False,0
INTS6,0.12047815,True,1
INTS6-AS1,0.110118605,False,0
IPO7,0.14656135,True,0
IPO9-AS1,0.07607439,False,0
IQCH-AS1,0.047126032,False,0
IQSEC2,0.16806252,False,1
IQSEC3,0.039068185,False,0
IRF1,0.046621613,False,0
IRF2,0.15028249,False,0
IRF2BP2,0.14032048,False,0
IRF3,0.07692049,False,0
IRF5,0.05005498,False,0
IRF8,0.089049436,True,0
IRF9,0.05956445,True,0
IRS1,0.15370378,False,0
IRX6,0.1001955,False,0
ISG15,0.06370433,False,0
ITGB8,0.12900688,True,0
ITIH5,0.03817176,False,0
ITM2C,0.052956726,True,0
ITPKA,0.04374405,False,0
ITPR1,0.14783117,False,1
ITPR2,0.07692049,False,0
JARID2,0.1547248,False,1
JAZF1,0.18576255,False,0
JDP2,0.1625406,False,0
JOSD1,0.10557844,False,0
JPH1,0.17558056,False,0
JUN,0.067020185,False,0
JUNB,0.06634953,False,0
JUND,0.087056875,True,0
KANK1,0.1349023,True,1
KANSL1L,0.16437656,True,0
KAT2B,0.14085734,False,1
KAT7,0.1465614,False,0
KATNAL1,0.16810258,False,1
KCND2,0.1577657,False,1
KCND3,0.07135838,True,1
KCNE3,0.067054525,True,0
KCNE4,0.069855966,False,0
KCNH1,0.17558058,False,0
KCNH8,0.11815481,False,0
KCNIP3,0.16806252,False,0
KCNIP4,0.16735302,False,0
KCNJ16,0.055367325,False,0
KCNJ3,0.17399438,False,0
KCNJ5,0.062721685,True,0
KCNK13,0.046625923,False,0
KCNK2,0.1561996,True,0
KCNMA1,0.12933236,True,1
KCNN2,0.15370403,False,0
KCNQ1,0.047136392,False,0
KCNQ3,0.14449163,False,1
KCNQ5,0.17316411,False,0
KCNS3,0.1419012,False,1
KCTD1,0.1546954,True,0
KCTD8,0.16409458,False,0
KDM4C,0.17401853,False,1
KDM7A,0.09563667,False,0
KHDRBS3,0.16752368,False,0
KIAA0319,0.18307559,False,0
KIAA0895,0.15581518,False,0
KIAA1211,0.051948935,False,0
KIAA1211L,0.15515336,False,0
KIAA1217,0.14516655,False,0
KIAA1257,0.039068233,False,0
KIAA1549,0.09563656,False,0
KIAA1614,0.052966867,True,0
KIAA1958,0.15738563,False,0
KIF13B,0.15220056,True,1
KIF17,0.050062425,False,0
KIF26B,0.09688127,False,0
KIF6,0.07603134,True,0
KIZ,0.1720002,False,1
KLF10,0.095287174,False,0
KLF11,0.07237565,False,0
KLF12,0.16806252,False,0
KLF13,0.17558053,False,0
KLF2,0.06901372,False,0
KLF3,0.10283016,False,0
KLF4,0.08193322,False,0
KLF9,0.17558053,False,0
KLHDC8A,0.08689801,False,0
KLHL1,0.16027415,True,0
KLHL13,0.15220058,False,0
KLHL2,0.102740824,False,0
KLHL21,0.07158585,False,0
KLHL23,0.100196235,False,0
KLHL32,0.15220585,False,0
KLHL4,0.07197313,False,0
KLHL5,0.15448205,False,0
KLHL8,0.12853414,True,0
KMT2A,0.17268008,True,1
KPNA1,0.16208754,True,0
KRTDAP,0.03736146,False,0
KY,0.0070996075,False,0
L3MBTL4,0.1333909,True,0
LACC1,0.05005586,False,0
LAIR1,0.068482235,False,0
LAMA1,0.10699159,False,1
LAMC1,0.18307559,False,0
LAMP5,0.12616378,True,0
LANCL3,0.17558053,False,0
LAPTM5,0.058553755,True,0
LAS1L,0.058364023,False,1
LCMT2,0.067574896,False,0
LCN15,0.12496112,False,0
LCOR,0.15211411,False,0
LCORL,0.14563338,False,0
LDHA,0.055574235,False,0
LDHAL6A,0.16806252,False,0
LEF1,0.08855308,False,0
LEKR1,0.17558053,True,0
LEPR,0.1743942,False,0
LGALS3,0.06515348,False,0
LGI2,0.16806252,False,0
LGI4,0.07197291,False,0
LHX2,0.06328114,False,1
LHX4,0.10798871,False,0
LHX6,0.026130628,False,0
LIFR,0.17399442,False,0
LILRB1,0.13585533,False,0
LILRB4,0.06856443,False,0
LIMCH1,0.07538027,True,0
LIN28B,0.07538026,False,0
LIN28B-AS1,0.15880948,False,0
LIN7A,0.16806252,True,0
LIN9,0.071358286,False,0
LINC-PINT,0.1679091,False,0
LINC00271,0.17558053,False,0
LINC00310,0.07796251,False,0
LINC00472,0.16409458,False,0
LINC00511,0.10525453,False,0
LINC00609,0.14360052,False,0
LINC00629,0.1522006,False,0
LINC00862,0.051948983,False,0
LINC00951,0.051949006,False,0
LINC00992,0.06810897,False,0
LINC01006,0.16281542,False,0
LINC01060,0.10148222,False,0
LINC01091,0.07692047,True,0
LINC01115,0.038727745,False,0
LINC01117,0.100525625,False,0
LINC01122,0.030981101,False,0
LINC01135,0.15220048,False,0
LINC01197,0.16806252,False,0
LINC01235,0.032362353,False,0
LINC01301,0.11479623,False,0
LINC01358,0.07692052,False,0
LINC01412,0.043037724,False,0
LINC01476,0.16806252,True,0
LINC01482,0.08450257,False,0
LINC01551,0.14449172,False,0
LINC01574,0.06848251,False,0
LINC01605,0.03374311,False,0
LINC01619,0.067054376,False,0
LINC01622,0.030591084,False,0
LINGO2,0.16323774,False,0
LITAF,0.1465614,True,0
LMAN1L,0.0381778,True,0
LMCD1,0.030782694,True,0
LMNB1,0.14897442,False,0
LMNTD1,0.067018546,False,0
LMO2,0.07692051,False,0
LMO3,0.08901104,False,0
LMO4,0.10852463,False,0
LMO7,0.075380325,True,0
LONRF1,0.18576257,True,0
LPA,0.033743747,True,0
LPAR1,0.17163652,False,0
LPGAT1,0.09216691,False,0
LRAT,0.07135572,False,0
LRFN2,0.09563654,False,1
LRFN5,0.14526118,False,1
LRP10,0.07975513,True,0
LRP4,0.15561458,False,0
LRP5,0.07692052,False,0
LRRC27,0.020293517,False,0
LRRC3B,0.14527181,False,0
LRRC8B,0.15727772,False,0
LRRC8C,0.14820832,False,0
LRRC9,0.07607431,True,0
LRRFIP1,0.17558053,False,0
LRRK2,0.20292658,False,0
LRRN1,0.12828046,False,0
LSM6,0.07538034,False,0
LSM8,0.09563654,False,0
LUZP1,0.07607443,False,0
LUZP2,0.06705429,False,0
LY6E,0.07686051,False,0
LYL1,0.08478009,False,0
LYN,0.09900217,False,0
LYNX1,0.13029091,True,0
LYPD6,0.16806252,False,0
LYPD6B,0.0023179871,True,0
LZTS1,0.007095078,False,0
MAEL,0.0395292,False,0
MAF,0.11694771,False,0
MAFG,0.08286126,False,0
MAFK,0.13798428,False,0
MAGED4,0.070598446,False,0
MAGI3,0.12070486,False,0
MAGOH,0.076074414,False,0
MAK,0.20292631,False,0
MAL2,0.075380296,False,0
MAML2,0.13457851,False,0
MAML3,0.15642639,False,0
MAN1A1,0.15390207,True,0
MAN2A1,0.16958247,True,0
MANEA,0.10017867,True,0
MANSC4,0.019588811,False,0
MAP1A,0.11379089,True,1
MAP1B,0.16256362,False,1
MAP2,0.12367356,False,0
MAP2K4,0.17080486,False,0
MAP3K1,0.098938845,True,0
MAP3K5,0.08350124,False,0
MAP3K7CL,0.11377793,False,0
MAP3K8,0.10638323,False,0
MAP6,0.051949006,False,0
MAPK4,0.13963804,False,0
MARCH1,0.17470387,True,0
MARCH11,0.14449164,False,0
MARCH3,0.1317967,False,0
MARCH4,0.100195795,False,0
MARK1,0.14950424,False,1
MAST3,0.16806252,False,1
MAST4,0.17558053,True,0
MATN1,0.16806252,False,0
MATN2,0.17558053,False,0
MAZ,0.07632733,False,0
MB21D2,0.14656267,False,0
MBNL1,0.15767138,False,0
MBNL3,0.038128875,False,0
MBOAT2,0.17558053,False,0
MBP,0.17558053,False,0
MCC,0.095635265,False,0
MCHR2,0.16806252,False,0
MCM2,0.1556149,False,0
MCTP2,0.047119297,False,0
MDFIC,0.1465614,True,0
MDGA2,0.17558053,False,1
MDM2,0.16806252,False,0
MEA1,0.07692045,True,0
MECOM,0.07692051,False,0
MED12L,0.16806252,False,1
MED26,0.051949322,False,0
MED9,0.09563657,False,0
MEF2A,0.1481789,False,0
MEF2D,0.16752368,False,0
MEIOB,0.0713583,False,0
MEIOC,0.039068203,True,0
MEIS1,0.10280866,True,0
MEIS2,0.07135838,True,1
MELK,0.07692045,True,0
MERTK,0.076920584,False,0
MESP1,0.07607491,False,0
MEST,0.15515336,False,0
MET,0.101473786,True,1
METAP1,0.17558053,True,0
MEX3A,0.04713676,False,0
MEX3C,0.09148996,False,0
MFAP3L,0.18576255,True,0
MFHAS1,0.17558058,False,0
MFSD2B,0.15220048,False,0
MGA,0.13987513,False,0
MGAM2,0.079673015,True,0
MGAT4A,0.14128637,False,0
MGMT,0.09764765,False,0
MIB1,0.17558053,False,1
MICAL2,0.04304112,True,0
MID1IP1,0.06932564,False,0
MIDN,0.060331993,False,0
MIOS,0.10666524,False,0
MIPOL1,0.12925784,False,0
MIR137HG,0.16752368,True,0
MIR17HG,0.13185324,False,0
MIR3681HG,0.09768202,False,0
MIR4500HG,0.17551541,False,0
MIR503HG,0.068481535,True,0
MIR548XHG,0.06272102,False,0
MIR646HG,0.13478686,False,0
MIR99AHG,0.08904097,True,0
MIRLET7BHG,0.1755805,False,0
MLEC,0.09563667,False,0
MLLT10,0.18576255,False,0
MLXIPL,0.07538027,False,0
MMD2,0.17558053,False,0
MMP16,0.12859225,True,0
MMS22L,0.11379131,False,0
MN1,0.12231665,False,0
MND1,0.10148186,False,0
MNT,0.0663728,False,1
MOB1A,0.08208354,False,0
MOB3B,0.14449175,False,0
MPP7,0.123135164,True,0
MPPED2,0.12145153,False,0
MRAP2,0.094580814,False,0
MRC1,0.07692051,False,0
MROH7,0.038171798,False,0
MSANTD1,0.08451007,False,0
MSC-AS1,0.03969024,False,0
MSH4,0.051948853,False,0
MSI2,0.07135845,False,0
MSR1,0.07692051,False,1
MT2A,0.079416074,False,0
MTA3,0.16806252,False,0
MTHFD1,0.16752368,False,0
MTM1,0.12834595,False,0
MTRNR2L8,0.047135506,False,0
MXD1,0.16806252,True,0
MXD4,0.059246693,True,0
MXI1,0.14656131,False,0
MXRA8,0.13306257,False,0
MYB,0.066783085,False,0
MYBL1,0.09819416,True,0
MYC,0.1414727,False,0
MYLIP,0.13193731,True,0
MYO1B,0.16089574,False,0
MYO1D,0.0753803,False,0
MYO1E,0.07692047,False,1
MYO5B,0.050995562,False,0
MYO7B,0.09037605,True,0
MYOF,0.07692049,False,0
MYPN,0.08393188,True,0
MYRIP,0.16352639,False,0
MZF1,0.015619188,True,0
MZT2B,0.06663861,False,0
NAAA,0.10836422,False,0
NABP1,0.12183537,False,0
NAGPA,0.06985682,False,0
NAP1L1,0.17214912,False,0
NAP1L2,0.014333904,False,0
NCALD,0.07135727,False,0
NCAM2,0.16752368,False,0
NCDN,0.07748168,False,0
NCK2,0.15741448,False,0
NCKAP5,0.07135867,False,1
NCOA2,0.15753683,False,0
NCOA3,0.14600684,False,0
NCOR1,0.18386655,True,1
NCOR2,0.17558056,False,0
NDC1,0.05203387,False,0
NDFIP2,0.071976185,False,0
NDNF,0.12827656,False,0
NDP,0.05723942,False,0
NDRG2,0.09695751,True,0
NDST3,0.17439865,False,0
NECAB1,0.0156758,False,0
NECTIN3,0.1256993,True,0
NEDD4,0.15028249,False,0
NEFL,0.10648613,False,0
NEFM,0.08007069,True,0
NEK10,0.03906814,True,0
NELFA,0.15290259,True,0
NEO1,0.052036084,False,1
NETO1,0.14555666,False,0
NEURL1,0.051949207,False,0
NF1,0.16806252,False,1
NFAT5,0.12874205,False,0
NFATC1,0.07565471,False,0
NFATC2,0.16527846,True,0
NFATC3,0.030985842,False,0
NFATC4,0.0979585,False,0
NFE2L1,0.077962816,True,0
NFE2L2,0.12622178,False,0
NFIA,0.12835166,False,1
NFIB,0.17224975,True,1
NFIC,0.0381748,False,0
NFIL3,0.17530446,False,0
NFIX,0.12286661,False,0
NFKB1,0.16208766,False,0
NFKB2,0.04805019,False,0
NFXL1,0.09563646,False,0
NFYB,0.15216923,False,0
NHLH2,0.15220058,True,0
NHS,0.068482354,False,0
NHSL1,0.04657595,False,0
NHSL2,0.07587388,False,0
NIM1K,0.14369152,False,0
NIN,0.17558053,False,0
NKX2-2,0.06630042,False,1
NKX3-2,0.04713799,False,0
NKX6-3,0.03736227,False,0
NLGN1,0.16234408,False,1
NLGN4X,0.14765143,False,1
NLGN4Y,0.18576255,False,1
NLK,0.14933468,False,0
NLRC5,0.028302226,False,0
NMBR,0.04328943,False,0
NMT2,0.1755805,False,0
NNAT,0.08485386,False,0
NOD1,0.10845809,False,0
NOL4,0.07538024,True,0
NOL4L,0.17558053,False,0
NOL7,0.048987683,False,0
NONO,0.07012199,False,0
NORAD,0.11950342,False,0
NOS1AP,0.12367358,False,0
NOTUM,0.039068524,False,0
NOVA1,0.15147321,False,0
NOX4,0.0023156106,True,0
NOX5,0.07538026,False,0
NPAS2,0.13021453,True,1
NPAS3,0.16703114,False,0
NPAS4,0.09327112,False,0
NPNT,0.10019565,False,0
NPTX1,0.07197956,False,0
NPTX2,0.1537034,False,0
NPY,0.1077711,False,0
NPY1R,0.11819778,False,0
NR1D2,0.115241654,True,0
NR1H3,0.07607447,True,0
NR1H4,0.118198715,False,0
NR2C1,0.030787691,True,0
NR2C2,0.14534011,False,0
NR2E1,0.098013036,False,0
NR2F1,0.052966837,True,1
NR2F2,0.1168167,False,0
NR2F6,0.05705198,False,0
NR3C1,0.12547505,False,0
NR3C2,0.15797724,False,1
NR4A1,0.07507739,False,0
NR4A2,0.08650372,False,1
NR4A3,0.06737645,False,0
NR5A2,0.07316869,False,0
NR6A1,0.16760589,False,0
NREP,0.1181736,False,0
NRF1,0.15735197,False,0
NRG1,0.16806252,False,0
NRG2,0.17558053,False,0
NRG4,0.06701874,False,0
NRGN,0.04856665,True,0
NRIP1,0.17551543,True,0
NRP1,0.15793405,False,0
NTF3,0.10019551,False,0
NTN4,0.16770434,False,0
NTNG1,0.18182038,False,1
NTNG2,0.10007066,False,0
NTRK3,0.14109056,False,1
NUAK1,0.17066921,False,1
NUF2,0.07692051,False,0
NUP210L,0.06701832,False,0
NUTM2A-AS1,0.16180444,False,0
NWD2,0.16273019,False,0
NXN,0.15220594,False,0
NXPH1,0.14187548,False,1
NXPH2,0.11379076,False,0
OAF,0.076920584,False,0
OAZ1,0.08285758,False,0
ODC1,0.051337104,False,0
OGFRL1,0.070914984,False,0
OLFM1,0.07538014,True,0
OLFM3,0.07197876,True,0
OLFML2B,0.07692052,False,0
OLIG1,0.029388659,False,0
OLIG2,0.07162761,False,0
OMG,0.10043703,False,0
ONECUT2,0.1621685,False,0
ONECUT3,0.047137126,False,0
OPCML,0.09563649,False,0
OPN3,0.1571965,False,0
OR2L13,0.08743786,False,0
OSBPL3,0.15287967,False,0
OSBPL6,0.16806252,False,0
OSBPL8,0.1549518,False,0
OSGIN2,0.16806252,False,0
OSR1,0.050616827,False,0
OTUD4,0.15864632,True,0
OTULIN,0.17558053,False,0
OTX2-AS1,0.0753804,False,0
OVOL2,0.06137253,False,0
P2RX7,0.07197755,False,0
P3H2-AS1,0.07597735,False,0
P4HA1,0.14087021,False,0
P4HA2,0.1465614,False,1
PACRG,0.16806252,False,0
PAG1,0.16752368,False,0
PAK1,0.17944725,False,0
PALD1,0.085270405,False,0
PAM,0.16083565,False,0
PAOX,0.08904941,False,0
PAPOLA,0.16806252,False,0
PAPPA,0.046625596,True,0
PAPSS2,0.05296732,False,0
PARD6G,0.05194933,False,0
PARP14,0.06845727,False,0
PARP4,0.16806252,False,0
PARP8,0.14949247,False,0
PATJ,0.12719037,False,1
PATZ1,0.1720002,False,0
PAX6,0.16806252,False,0
PAX8,0.05429984,False,0
PBLD,0.17181745,False,0
PBX1,0.06705353,True,1
PCBP3,0.047127657,False,0
PCDH10,0.14855717,False,1
PCDH11Y,0.15370396,True,0
PCDH17,0.154221,False,0
PCDH7,0.11815536,False,0
PCDH8,0.08771234,False,0
PCDHB11,0.002381989,False,0
PCED1B,0.15370387,False,0
PCOLCE2,0.071358204,False,0
PCSK1,0.059356134,False,0
PCSK1N,0.11611474,False,0
PCSK2,0.16409458,False,0
PDE11A,0.0845188,False,0
PDE1A,0.07166101,True,0
PDE4B,0.14555661,False,0
PDE4D,0.17335513,False,0
PDE8A,0.056058522,False,0
PDGFC,0.11815518,True,0
PDGFD,0.1465626,False,0
PDGFRA,0.10052709,False,0
PDGFRB,0.13455601,False,0
PDIA3,0.07135841,True,0
PDLIM5,0.1385508,False,0
PDS5A,0.15147321,False,0
PDZD2,0.17558053,True,0
PDZRN3,0.060056392,False,0
PEAK1,0.16565703,True,0
PEBP4,0.071358286,True,1
PECAM1,0.07246744,False,0
PEG10,0.07178842,False,0
PEG3,0.18576302,False,0
PENK,0.030532066,False,0
PEX5L,0.12845968,False,0
PFKFB3,0.12367357,False,0
PFKP,0.1365885,False,0
PGAM2,0.068482965,False,0
PGAP1,0.16806252,False,0
PGK1,0.048988502,False,0
PGM2L1,0.17558053,False,0
PGM5,0.050538555,False,0
PHACTR1,0.075380184,False,0
PHACTR2,0.075380504,False,0
PHF12,0.17558053,True,1
PHF21A,0.17007479,False,1
PHF21B,0.10239302,True,0
PHF24,0.1181549,False,0
PHF8,0.067054525,False,0
PHLDA2,0.11610659,True,0
PHLPP1,0.15728045,True,1
PHLPP2,0.17710622,True,0
PHPT1,0.06663855,True,0
PHYHIP,0.11379301,True,0
PHYHIPL,0.17558053,False,0
PIEZO2,0.18318732,True,0
PIGP,0.052967682,False,0
PIK3AP1,0.03374007,False,0
PIK3C3,0.14656152,False,0
PIK3CA,0.116743974,False,1
PIK3R1,0.1710449,False,0
PIP4K2A,0.17558053,False,0
PIWIL2,0.047114298,True,0
PKD2L1,0.10053338,False,0
PKDCC,0.057638615,False,0
PKIA,0.15019415,False,0
PKIB,0.096864566,False,0
PKM,0.07796216,True,0
PKN2-AS1,0.16752368,True,0
PLAC9,0.106480025,False,0
PLAG1,0.16806252,False,0
PLAGL2,0.059270598,False,0
PLCB4,0.14555666,False,0
PLCL2,0.1289255,False,0
PLD5,0.15256867,False,0
PLEKHA5,0.15515336,False,0
PLEKHA7,0.09563682,False,0
PLEKHD1,0.050062403,False,0
PLEKHG1,0.07135835,False,0
PLPP1,0.13447699,True,0
PLPP3,0.062721506,False,0
PLPP4,0.1720002,False,0
PLPPR1,0.15071459,False,0
PLS3,0.14594615,False,0
PLSCR1,0.17558053,False,0
PLSCR4,0.08680561,False,0
PLSCR5,0.039068215,False,0
PLXDC2,0.17558053,False,0
PLXNA2,0.13447699,False,0
PLXNA4,0.100195564,False,1
PMP2,0.06272167,False,0
PNLDC1,0.0735936,False,0
PNMA1,0.13457853,True,0
PNOC,0.048988406,False,0
POLD2,0.048987485,True,0
POLR1D,0.07795236,False,0
POPDC3,0.17531012,True,0
POT1-AS1,0.15256867,False,0
POU2F1,0.18182041,False,0
POU3F2,0.095416464,False,0
POU3F3,0.13108945,False,0
POU3F4,0.06913967,True,0
POU5F1,0.100524694,False,0
POU6F1,0.16806252,False,0
POU6F2,0.16806252,False,0
PPARA,0.112255715,False,0
PPARD,0.039068248,False,0
PPARG,0.17900302,False,0
PPFIA2,0.16439767,False,0
PPFIBP2,0.16856694,True,0
PPIH,0.11815496,False,0
PPM1H,0.20292643,False,0
PPM1L,0.16752368,True,0
PPP1R14C,0.17558053,False,0
PPP1R18,0.07538024,True,0
PPP1R1B,0.047142114,False,1
PPP1R26-AS1,0.10453521,False,0
PPP1R35,0.07692047,True,0
PPP1R42,0.118762076,True,0
PPP2R2A,0.17558053,False,0
PPP2R2C,0.06705266,True,0
PPP2R5A,0.18307559,False,0
PPP3CA,0.16752368,True,1
PPP3R1,0.15816215,False,0
PRDM1,0.05835333,False,0
PRDM10,0.1715008,False,0
PRDM15,0.071359046,False,0
PRDM4,0.07607454,False,0
PRDM5,0.13382906,False,0
PRDX1,0.059257522,False,0
PREX2,0.14656137,True,0
PRICKLE1,0.16011102,False,1
PRKAA2,0.16517231,False,0
PRKACB,0.13291293,True,0
PRKAG2,0.14656267,False,0
PRKAR2B,0.13368084,False,0
PRKCQ,0.09084566,False,0
PRKD1,0.16437656,True,0
PRKD2,0.15822992,True,1
PRKX,0.1571965,False,0
PRKY,0.11815557,False,0
PRLHR,0.052967068,False,0
PRNP,0.16762725,False,0
PROM1,0.06272119,True,0
PROSER2,0.17558053,False,0
PROX1,0.14784025,False,0
PROX1-AS1,0.03906838,False,0
PRR16,0.15315427,False,0
PRRX1,0.06376596,False,0
PRRX2,0.06242455,True,0
PRUNE2,0.17558053,False,1
PSAP,0.059502732,False,0
PSD3,0.1255271,False,1
PSMA6,0.037460294,False,0
PSMD12,0.16806252,False,1
PSTPIP2,0.019939683,False,0
PTBP3,0.051949006,True,0
PTCH1,0.050055787,False,0
PTCHD1,0.16806252,False,1
PTCHD4,0.0323469,False,0
PTGDS,0.059564598,False,0
PTGER3,0.16223384,False,0
PTGS2,0.16806252,False,1
PTHLH,0.10019586,False,0
PTK2B,0.09560686,False,0
PTMS,0.10147975,True,0
PTPDC1,0.15811539,False,0
PTPN13,0.1603848,True,0
PTPN14,0.16223384,False,0
PTPN5,0.076074496,False,0
PTPRB,0.10019554,False,1
PTPRC,0.07692049,False,1
PTPRD,0.15033409,False,0
PTPRG,0.17558053,False,0
PTPRK,0.13979228,True,0
PTPRR,0.05194892,True,0
PTPRT,0.14827451,True,1
PTPRZ1,0.17200018,False,0
PTTG1,0.06701876,False,0
PURA,0.17558053,False,0
PURG,0.075380206,False,0
PUS3,0.052967288,False,0
PWWP2A,0.17558053,False,0
PXT1,0.18318762,True,0
R3HDM1,0.05194892,True,0
RAB14,0.18307559,False,0
RAB2A,0.13368084,False,1
RAB31,0.11179521,False,0
RAB37,0.09563662,False,0
RAB40C,0.1755805,False,0
RAB7A,0.17558053,True,0
RABAC1,0.113793135,False,0
RABL2A,0.062068656,True,0
RAC1,0.076074526,True,0
RAD21,0.10776303,False,0
RAD51B,0.05194892,False,0
RAG1,0.02956218,False,0
RAI1,0.14294542,False,1
RAI2,0.1208113,False,0
RALB,0.1419012,True,0
RALYL,0.16542155,True,0
RAN,0.08598687,False,0
RANBP3L,0.049766533,False,0
RANBP9,0.17558053,False,0
RANGAP1,0.13193752,True,0
RAP1GDS1,0.15880957,False,0
RAPGEF5,0.16806252,False,0
RAPH1,0.17558053,False,0
RARA,0.16752368,False,0
RARB,0.05194937,False,0
RARG,0.16806252,False,0
RARRES1,0.0516919,False,0
RASA2,0.16958249,False,0
RASEF,0.068076864,False,0
RASGEF1B,0.108685724,False,0
RASGRF2,0.10019545,True,0
RASGRP2,0.09563685,False,0
RASGRP3,0.069855936,True,0
RASL10A,0.048050217,True,0
RASSF2,0.0861395,False,0
RASSF3,0.18209751,False,0
RASSF8,0.16565703,False,0
RBAK,0.09563646,False,0
RBFOX1,0.12804018,False,1
RBFOX2,0.1245604,False,0
RBM17,0.14656137,True,0
RBM22,0.07796311,False,0
RBM24,0.12834598,False,0
RBM42,0.0562701,False,0
RBM47,0.07692052,False,0
RBM7,0.076073535,False,0
RBMS1,0.20292638,False,0
RBPJ,0.16273019,False,0
RCBTB1,0.16806252,False,0
RCC1,0.077962324,True,0
RCC2,0.15962547,True,0
RCSD1,0.068482146,False,0
REL,0.16162534,True,0
RELA,0.039068293,False,0
RELN,0.16806252,False,1
REST,0.118083015,False,0
RFFL,0.09178379,False,0
RFX1,0.051949676,False,0
RFX2,0.1739946,False,0
RFX3,0.16228402,False,1
RFX5,0.10007067,False,0
RFXANK,0.04899217,False,0
RGMB,0.14413412,False,0
RGR,0.0592445,False,0
RGS16,0.08649226,False,0
RGS2,0.10151969,False,0
RGS5,0.15561308,False,0
RGS6,0.16752368,False,0
RGS7,0.14187546,False,1
RHBDL3,0.039068595,False,0
RHCG,0.07796231,False,0
RHOBTB1,0.1710449,False,0
RHOBTB3,0.1670311,False,0
RHOC,0.1005253,False,0
RHOU,0.16231433,False,0
RIMKLA,0.17558053,True,0
RIMKLB,0.18307559,True,0
RIN2,0.059858877,False,0
RIOK2,0.076074675,False,0
RLF,0.17558053,False,0
RMDN2,0.17558053,False,0
RMST,0.038171306,False,0
RNASEK,0.066638544,False,0
RND1,0.10052555,False,0
RND3,0.106483184,True,0
RNF138,0.17558053,True,0
RNF144A,0.15147321,False,0
RNF152,0.13448122,False,0
RNF187,0.07796247,True,0
RNF2,0.15636376,False,0
RNF212,0.16806252,False,0
RNF217,0.12422323,False,0
RNF220,0.07597694,False,0
RNF6,0.07796247,True,0
ROBO1,0.17399442,False,0
ROBO2,0.14555661,True,1
ROR1,0.17558053,True,0
ROR2,0.05203379,True,0
RORA,0.17710619,False,0
RORB,0.1242231,True,1
RORB-AS1,0.15220037,False,0
RPH3AL,0.075380296,False,0
RPL14,0.06310425,False,0
RPL15,0.14923596,False,0
RPL17,0.06310514,True,0
RPL19,0.04661944,False,0
RPL21,0.030692412,False,0
RPL26,0.07538026,False,0
RPL7,0.052967064,False,0
RPL8,0.06310746,False,0
RPLP2,0.06310367,False,0
RPP25,0.02029539,True,0
RPS10,0.07607446,True,0
RPS11,0.069856,False,0
RPS13,0.084599406,False,0
RPS14,0.07607447,False,0
RPS15,0.06985628,False,0
RPS16,0.07598159,False,0
RPS19,0.05667499,False,0
RPS21,0.039068203,False,0
RPS23,0.06310312,False,0
RPS27,0.055576425,True,0
RPS27A,0.06310137,False,0
RPS28,0.06310275,False,0
RPS3A,0.106780335,False,0
RPS4X,0.06985628,False,0
RPS5,0.08076068,False,0
RPS6KA5,0.16806252,False,0
RPS8,0.053190228,False,0
RSPO3,0.20453952,False,0
RSU1,0.095636375,False,0
RTBDN,0.083389096,False,0
RTKN2,0.0719746,False,0
RTN4RL1,0.16806252,False,0
RTTN,0.118155606,False,0
RUNX1T1,0.17217505,False,1
RUNX2,0.2029264,False,0
RUVBL1,0.075366706,True,0
RXFP1,0.015290299,True,0
RXRA,0.058756076,False,0
RYR2,0.16879264,False,0
S100A13,0.038177572,False,0
S100B,0.06985593,False,0
SALL1,0.10639755,False,0
SALL2,0.14933468,False,0
SALL3,0.1038262,False,0
SALL4,0.17606208,False,0
SAMD3,0.17551541,True,0
SAMD4A,0.1571965,False,0
SAMHD1,0.07692049,False,0
SAMSN1,0.07692047,False,0
SARAF,0.09563665,False,0
SATB1,0.15880956,True,1
SATB1-AS1,0.16806252,True,0
SATB2,0.13387683,False,1
SCAND1,0.11609785,False,0
SCARA3,0.090252295,False,0
SCGN,0.101481326,False,1
SCIN,0.07692053,False,0
SCMH1,0.18307559,False,0
SCML1,0.15058027,False,0
SCML2,0.15972313,False,0
SCN5A,0.015307296,False,0
SCN7A,0.10019313,False,0
SCN9A,0.1628937,False,1
SCNN1G,0.064335436,False,0
SCRT2,0.045502473,False,0
SCUBE1,0.10052655,False,0
SCUBE2,0.050602213,True,0
SDC2,0.098257504,True,1
SDK1,0.047138926,False,0
SDK2,0.07135819,False,0
SEC14L5,0.05194892,False,0
SEC24D,0.134787,False,0
SEL1L3,0.07135835,True,0
SEMA3C,0.1522008,False,0
SEMA5A,0.15322529,False,1
SEMA5B,0.15163887,True,0
SEMA6A,0.15151677,False,0
SEMA6D,0.14408359,True,0
SERF1A,0.17558058,False,0
SERPINA3,0.039068285,False,0
SERPINB9,0.10648072,True,0
SERPINE2,0.06985612,False,0
SERPINI1,0.16947135,False,0
SERTAD2,0.12287053,False,0
SERTM1,0.17821115,False,0
SESN3,0.17558053,False,0
SET,0.06913974,False,1
SETBP1,0.114740685,False,1
SFMBT1,0.17558053,True,0
SFMBT2,0.15644625,False,0
SFRP1,0.039068162,False,0
SFRP2,0.1419012,True,0
SGK1,0.14656147,False,0
SGK3,0.15636441,False,0
SGMS1-AS1,0.06282539,True,0
SGPL1,0.07135835,False,0
SGPP2,0.060056534,False,0
SH3GL2,0.16752368,True,0
SH3KBP1,0.17558056,False,0
SH3RF1,0.15522487,True,1
SH3RF3-AS1,0.16134278,True,0
SHANK3,0.16806252,False,1
SHB,0.047137335,False,0
SHC3,0.06705355,False,0
SHROOM4,0.06763104,False,0
SHTN1,0.15728043,False,0
SIAH3,0.086120345,False,0
SIGLEC9,0.06848269,False,0
SIK2,0.13699673,False,0
SIN3A,0.1249547,False,1
SIPA1L1,0.07538026,False,0
SIX4,0.049741592,False,0
SIX5,0.04661882,False,0
SKAP2,0.043042615,True,0
SKP1,0.08664318,False,0
SLC11A1,0.06771314,False,0
SLC12A2,0.1465879,True,0
SLC12A5,0.086432055,False,1
SLC12A7,0.09954471,False,0
SLC14A1,0.0684818,True,0
SLC14A2,0.07692047,False,0
SLC16A10,0.13382907,False,0
SLC16A6,0.07135833,False,0
SLC16A9,0.15220049,True,0
SLC19A1,0.15561166,False,0
SLC1A2,0.17072436,False,1
SLC1A3,0.09065535,False,0
SLC22A16,0.03076531,False,0
SLC26A1,0.019709557,True,0
SLC26A4,0.20292638,False,0
SLC27A6,0.048988547,False,0
SLC29A4,0.10282578,False,1
SLC2A5,0.07692047,True,0
SLC2A9,0.069004595,False,0
SLC30A10,0.15561357,False,0
SLC30A3,0.047137693,False,0
SLC30A8,0.030523717,True,0
SLC35B3,0.0753803,False,0
SLC35F1,0.16752368,True,0
SLC35F3,0.1242237,False,0
SLC35F4,0.18307559,False,0
SLC38A11,0.14916164,False,0
SLC38A2,0.17558053,False,0
SLC39A1,0.16806252,False,0
SLC39A10,0.16176414,False,0
SLC44A1,0.17558053,False,0
SLC44A5,0.1755805,False,0
SLC4A4,0.124790095,False,0
SLC4A8,0.14294542,False,0
SLC5A3,0.16752368,True,0
SLC6A11,0.06705489,False,0
SLC6A12,0.09540261,False,0
SLC6A13,0.05203684,False,0
SLC6A4,0.007171611,False,1
SLC6A9,0.06985604,False,0
SLC7A1,0.14944518,False,0
SLC7A10,0.07692049,False,0
SLC7A14,0.17358382,True,0
SLC7A2,0.15370384,False,0
SLC7A5,0.08885086,False,1
SLC8A3,0.1465613,False,0
SLIT1,0.05194892,True,0
SLIT3,0.12925784,False,0
SLITRK2,0.15583687,True,0
SLITRK4,0.14385022,False,0
SLITRK5,0.16752368,False,1
SMAD1,0.18126728,False,0
SMAD2,0.13488394,True,0
SMAD3,0.16806252,True,0
SMAD4,0.18307559,False,1
SMAD6,0.064462505,False,0
SMAD7,0.12834598,False,0
SMAD9,0.15441713,False,0
SMARCA2,0.16146547,False,1
SMARCC1,0.16752368,False,0
SMARCC2,0.059270456,True,1
SMOC2,0.17558053,True,0
SMPD3,0.20292646,False,0
SMUG1,0.076072045,False,0
SNAI2,0.03374318,False,0
SNAI3,0.08227002,False,0
SNAP25,0.16937394,False,1
SNAP25-AS1,0.15184455,False,0
SNCA,0.14691123,False,0
SNCAIP,0.14284617,True,1
SNED1,0.14294542,False,0
SNRK,0.13643044,True,0
SNRPB2,0.039068203,True,0
SNTG1,0.15471719,False,0
SOCS2,0.07796251,False,0
SOHLH2,0.063942075,False,0
SORBS2,0.07439425,True,0
SOX1,0.06409818,True,0
SOX13,0.0070981816,True,0
SOX2,0.14833239,True,0
SOX21,0.056736108,False,0
SOX5,0.16027424,False,1
SOX8,0.077237226,False,0
SOX9-AS1,0.13554819,False,0
SP1,0.052966848,True,0
SP100,0.0624152,False,0
SP110,0.039068256,False,0
SP2,0.08911102,False,0
SP3,0.12834598,False,0
SP4,0.09563654,False,0
SP6,0.100526296,False,0
SP7,0.037497137,False,0
SP8,0.09563662,False,0
SP9,0.026700655,True,0
SPARC,0.100526616,False,0
SPARCL1,0.03373894,True,1
SPATA13,0.09563662,False,0
SPATA18,0.033753507,False,0
SPATA2L,0.030995471,False,0
SPATS2,0.16958247,True,0
SPCS3,0.14369139,False,0
SPI1,0.08694658,False,0
SPIB,0.07596306,False,0
SPIN1,0.16752368,False,0
SPINK13,0.06701809,True,0
SPP1,0.058501337,False,0
SPRED1,0.16636233,True,0
SPRED2,0.18182069,False,0
SPTBN1,0.14614807,False,1
SRGAP1,0.18318951,False,0
SRGAP2-AS1,0.15370321,False,0
SRP14,0.06663853,False,0
SRP9,0.059270427,False,0
SRPK1,0.051948853,True,0
SRSF5,0.037484072,False,0
SSC4D,0.06848208,False,0
SSPN,0.07796298,False,0
SSR4,0.06272174,False,0
SSRP1,0.06985609,False,1
SSUH2,0.19214502,False,0
SSX2IP,0.16433059,True,0
ST18,0.07197749,True,0
ST3GAL6,0.11436831,False,0
ST6GAL1,0.07692047,False,0
ST6GAL2,0.15588492,False,0
ST8SIA2,0.17558053,False,1
STAT1,0.069855936,False,0
STAT2,0.020093556,True,0
STAT3,0.16806252,False,0
STAT5B,0.15417151,False,0
STAT6,0.06848174,True,0
STAU2,0.17713158,False,0
STEAP3,0.0471228,False,0
STIM2,0.14449164,False,0
STK3,0.13794084,False,0
STK40,0.07607439,False,0
STMN1,0.119210765,False,0
STMN2,0.1799454,False,0
STMN4,0.07146136,True,0
STOX2,0.16351219,False,0
STRBP,0.16752368,False,0
STUM,0.11815447,False,0
STX1A,0.07607444,False,1
STXBP5-AS1,0.1537042,False,0
STXBP6,0.14656264,False,0
SUPT3H,0.17601942,False,0
SVIL,0.10350807,False,0
SYBU,0.18307559,True,1
SYDE2,0.11675397,False,0
SYN3,0.16952462,False,0
SYNE2,0.15216936,False,0
SYT7,0.17558053,False,0
TAC3,0.124971315,False,0
TAF6,0.06272103,False,1
TAL1,0.09455785,False,0
TANC1,0.13893303,True,0
TANGO6,0.075380206,False,0
TAPT1-AS1,0.16806252,False,0
TBC1D1,0.1710449,False,0
TBC1D2,0.07692052,False,0
TBC1D4,0.15220056,False,0
TBL1XR1,0.14594617,True,1
TBP,0.06436194,False,0
TBPL1,0.1720889,False,0
TBR1,0.13360494,False,1
TCEAL6,0.06985598,False,0
TCF12,0.14539911,False,0
TCF24,0.172202,False,0
TCF3,0.10682285,False,0
TCF4,0.07537895,False,1
TCF4-AS1,0.033740718,False,0
TCF7L2,0.048050217,False,1
TDO2,0.045823548,True,1
TDRD5,0.16806252,False,0
TDRD9,0.09563652,False,0
TEAD1,0.12203046,True,0
TEAD2,0.0828619,False,0
TEAD3,0.06272182,False,0
TEAD4,0.069332324,False,0
TENM2,0.11624843,False,0
TENM4,0.17558053,False,0
TERF1,0.16806252,False,0
TESPA1,0.16806252,True,0
TET1,0.18182033,False,0
TEX101,0.05587617,True,0
TEX14,0.069854036,False,0
TEX26,0.09308892,False,0
TFAP2E,0.06985609,False,0
TFAP4,0.14294542,True,0
TFDP1,0.15143855,False,0
TFDP2,0.15256867,True,0
TFEB,0.07061479,False,0
TFEC,0.07692047,True,0
TGFBR3,0.1729486,False,0
TGIF1,0.044744685,False,0
THAP1,0.052967276,False,0
THOC2,0.20292647,True,0
THRA,0.1210438,False,1
THRB,0.1452612,True,0
THRB-AS1,0.06272159,True,0
THSD7B,0.16273019,True,0
THUMPD3-AS1,0.17148666,False,0
TIAM2,0.17237799,True,0
TICAM2,0.16806252,False,0
TIGD3,0.07129982,False,0
TIMP2,0.08286273,True,0
TIMP3,0.06985608,True,0
TIPARP,0.15861562,False,0
TJP2,0.062068783,False,0
TLE4,0.06701841,False,0
TLR2,0.068457365,False,0
TM4SF1,0.076920554,False,0
TMEFF2,0.14594617,False,0
TMEM123,0.10148062,True,0
TMEM132D,0.16752368,True,0
TMEM132E,0.077451296,False,0
TMEM150C,0.16592668,False,0
TMEM155,0.09819486,False,0
TMEM164,0.070914984,False,0
TMEM178A,0.051949006,False,0
TMEM196,0.16806252,False,0
TMEM200A,0.10967737,False,0
TMEM243,0.16958249,False,0
TMEM255A,0.100524075,True,0
TMEM266,0.052035023,False,0
TMEM267,0.13462347,False,0
TMEM33,0.05296735,False,0
TMEM35A,0.10148179,False,0
TMEM47,0.14344104,False,0
TMEM51,0.106364205,False,0
TMEM59L,0.05194892,False,0
TMEM63C,0.17558053,True,0
TMEM64,0.085016266,False,0
TMEM87B,0.12616378,True,0
TMOD1,0.14656143,False,0
TMOD3,0.16433063,False,0
TMPRSS15,0.09361309,True,0
TMSB10,0.046063863,False,0
TMSB4X,0.06964311,False,0
TMTC2,0.075380296,False,0
TMTC4,0.039068464,False,0
TNFAIP8L3,0.16806252,False,0
TNFRSF1B,0.06771301,True,0
TNFRSF21,0.13193549,False,0
TNFSF12,0.09563657,False,0
TOB2,0.1004889,False,0
TOX,0.06702163,False,0
TOX3,0.16806252,False,0
TP53I11,0.075379066,False,0
TP73,0.062087905,False,0
TPBG,0.09958156,False,0
TPD52,0.105698384,False,0
TPD52L1,0.09042663,True,0
TPH2,0.08286419,False,0
TPK1,0.17558053,False,0
TPPP,0.17558053,False,0
TPPP3,0.115986094,False,0
TPST2,0.14656141,False,0
TPTE2,0.076074585,False,0
TRAF3,0.14264277,True,0
TRAF3IP2-AS1,0.16752368,True,0
TRAF3IP3,0.06848183,False,0
TRAF6,0.16046561,False,0
TRAM2,0.098194405,True,0
TRHDE,0.14296636,True,0
TRHDE-AS1,0.17551543,False,0
TRIM38,0.07692051,False,0
TRIM9,0.16806252,False,0
TRPC4,0.09654523,False,0
TRPS1,0.14503285,False,0
TSC22D3,0.066638574,False,0
TSHR,0.055137955,False,0
TSHZ1,0.093198515,False,1
TSHZ3,0.067018025,False,1
TSN,0.066273026,True,0
TSNAX,0.053330485,False,0
TSPAN12,0.06389301,False,0
TSPYL1,0.048995312,False,0
TTC39C,0.12742476,False,0
TTC9B,0.07800444,False,0
TTTY14,0.17140543,False,0
TTYH1,0.077806875,False,0
TUBA1A,0.059564766,False,0
TUBA1B,0.12552834,True,0
TUBA1C,0.06705399,False,0
TUBA4A,0.06185487,True,0
TUBB,0.065973215,False,0
TUBB2A,0.100524575,False,0
TUBB3,0.030626459,False,0
TUBB4A,0.07018678,True,0
TUBB4B,0.07499604,False,0
TUBB6,0.07692051,False,0
TWSG1,0.13368084,False,0
TXK,0.07197498,True,0
TXNRD3,0.0017986224,False,0
TYMSOS,0.16856755,True,0
TYW3,0.08454096,False,0
UBA1,0.013475576,False,0
UBA52,0.11379516,False,0
UBB,0.06701884,False,0
UBC,0.07692052,False,0
UBE2E1,0.10019584,False,0
UBE2E2,0.17264216,False,0
UBE2E3,0.15836173,True,0
UBE2F,0.051949006,False,0
UBE2V1,0.07135647,False,0
UBL5,0.062721446,False,0
UBTF,0.076335266,True,0
UGDH,0.1715008,False,0
UGP2,0.14555669,False,0
UGT8,0.14369152,False,0
UNC5B,0.08762284,False,0
UNC5C,0.17558053,False,0
UNC5D,0.13643044,False,1
USF2,0.10148128,False,0
USP27X,0.06701806,True,0
USP43,0.1571965,False,0
USP45,0.17294861,False,1
USP49,0.16806252,False,0
USP6NL,0.17399442,False,0
UST,0.07470536,False,0
UXS1,0.16254063,False,0
VAMP2,0.04711635,False,0
VAV3,0.16806252,True,0
VAX1,0.14670487,False,0
VAX2,0.09235772,False,0
VCAN,0.12859236,False,0
VENTX,0.050487235,False,0
VEPH1,0.10052574,False,0
VEZF1,0.15441711,False,1
VGF,0.09563649,False,0
VIM,0.08260583,False,0
VIPR2,0.14449164,False,0
VPS26A,0.17437012,False,0
VRK1,0.1643306,False,0
VSNL1,0.16433059,True,0
VSTM2L,0.04805018,False,0
WAS,0.07692049,False,0
WASF1,0.15771902,False,0
WASIR2,0.06701858,False,0
WDR64,0.07692051,False,0
WEE2-AS1,0.06701108,False,0
WIPF3,0.14128633,False,0
WNT2B,0.10052707,True,0
WNT5A,0.077279456,False,0
WNT5B,0.07538061,False,0
WRNIP1,0.14424826,False,0
WWC1,0.12496233,False,0
XBP1,0.059241097,True,0
XG,0.050057497,False,0
XIST,0.08649066,False,0
XPR1,0.15421526,False,0
XYLT1,0.16806252,False,0
YARS,0.16806252,True,0
YOD1,0.053049475,False,0
YPEL2,0.17558053,True,0
YWHAB,0.077286586,False,0
YWHAZ,0.088158265,True,1
YY1,0.16806254,False,1
ZBTB1,0.17558053,False,0
ZBTB11,0.16806252,False,0
ZBTB12,0.068085484,False,0
ZBTB14,0.052967038,False,0
ZBTB16,0.16254063,False,1
ZBTB18,0.16806252,True,0
ZBTB2,0.15370356,False,0
ZBTB20,0.1809074,False,1
ZBTB21,0.16691045,True,1
ZBTB22,0.047115754,False,0
ZBTB25,0.17220242,False,0
ZBTB32,0.052966896,True,0
ZBTB33,0.06705414,True,0
ZBTB34,0.0023168626,False,0
ZBTB37,0.16752368,False,0
ZBTB4,0.09563665,False,0
ZBTB40,0.018119248,False,0
ZBTB44,0.17558053,False,0
ZBTB45,0.061665516,False,0
ZBTB47,0.05250279,False,1
ZBTB6,0.11379038,False,0
ZBTB7A,0.07135835,False,0
ZBTB7B,0.0390157,False,0
ZBTB7C,0.1571965,False,0
ZBTB8A,0.1755805,False,0
ZBTB8B,0.16806252,False,0
ZDHHC11,0.15370409,False,0
ZDHHC2,0.11991889,False,0
ZDHHC23,0.15719652,False,0
ZEB1,0.15349378,False,0
ZEB1-AS1,0.020018226,True,0
ZEB2,0.14914225,False,0
ZFAT,0.15441716,False,0
ZFHX3,0.118218035,False,0
ZFHX4,0.15220043,False,0
ZFP2,0.17558053,True,0
ZFP30,0.13184959,False,0
ZFP37,0.06791591,False,0
ZFP62,0.16806252,True,0
ZFP69B,0.04302768,False,0
ZFP90,0.1465614,False,0
ZFP92,0.06848183,True,0
ZFPM2,0.16806252,False,0
ZFX,0.16788329,False,0
ZFY,0.12630533,False,0
ZHX1,0.14747658,False,0
ZIC5,0.1325622,False,0
ZIM2,0.16527846,False,0
ZKSCAN2,0.088681564,False,0
ZMIZ1-AS1,0.095636696,True,0
ZNF100,0.07607252,False,0
ZNF112,0.0663207,False,0
ZNF114,0.07692053,False,0
ZNF12,0.09563662,False,0
ZNF124,0.16806252,False,0
ZNF138,0.075380325,True,0
ZNF140,0.0638905,False,0
ZNF148,0.16636233,False,0
ZNF165,0.07607389,False,0
ZNF180,0.055572797,False,0
ZNF184,0.086491495,False,0
ZNF185,0.029364083,False,0
ZNF195,0.067870356,False,0
ZNF20,0.06297222,False,0
ZNF202,0.0753805,False,0
ZNF205,0.042873412,True,0
ZNF207,0.108340524,False,0
ZNF219,0.06310267,False,0
ZNF222,0.07692047,False,0
ZNF225,0.07567326,True,0
ZNF232,0.04661807,False,0
ZNF239,0.16806254,False,0
ZNF24,0.17558053,True,0
ZNF248,0.095636696,False,0
ZNF260,0.13501407,False,0
ZNF264,0.08138379,False,0
ZNF267,0.04713839,False,0
ZNF275,0.058078043,False,0
ZNF28,0.031017907,False,0
ZNF280C,0.124223426,False,0
ZNF280D,0.17558053,False,0
ZNF281,0.07795363,False,0
ZNF285,0.07135835,False,0
ZNF287,0.048988007,True,0
ZNF3,0.043828025,False,0
ZNF317,0.063103996,False,0
ZNF326,0.12925784,True,0
ZNF329,0.16806252,True,0
ZNF331,0.08209558,True,0
ZNF33B,0.082862325,False,0
ZNF34,0.14656141,False,0
ZNF366,0.07692047,True,0
ZNF367,0.049714945,False,0
ZNF384,0.10230181,False,0
ZNF385A,0.06743541,False,0
ZNF385B,0.14612794,False,1
ZNF391,0.075380184,True,0
ZNF397,0.055576704,False,0
ZNF41,0.015622126,True,0
ZNF418,0.07552426,False,0
ZNF423,0.030985337,False,0
ZNF426,0.020288514,False,0
ZNF431,0.13368084,True,0
ZNF432,0.07399972,True,0
ZNF436,0.07594241,False,0
ZNF438,0.20292643,False,0
ZNF444,0.0826144,True,0
ZNF445,0.07537878,False,0
ZNF451,0.10007017,False,0
ZNF454,0.055573996,False,0
ZNF462,0.1701739,False,1
ZNF468,0.06572326,False,0
ZNF48,0.098194286,False,0
ZNF491,0.069855966,False,0
ZNF496,0.03906841,False,0
ZNF503,0.059255734,False,0
ZNF507,0.05203405,True,0
ZNF510,0.046614576,False,0
ZNF511,0.039068185,False,0
ZNF514,0.06985609,False,0
ZNF516,0.1512997,False,0
ZNF517,0.051948935,False,1
ZNF518A,0.16806252,False,0
ZNF519,0.113793746,False,0
ZNF524,0.06848178,True,0
ZNF525,0.1571965,False,0
ZNF527,0.15899645,False,0
ZNF530,0.052035183,False,0
ZNF532,0.1714054,False,0
ZNF547,0.07552707,True,0
ZNF549,0.16527846,False,0
ZNF550,0.050057005,False,0
ZNF554,0.16806252,False,0
ZNF555,0.05851011,False,0
ZNF556,0.048989095,False,0
ZNF559,0.052034702,False,1
ZNF572,0.07607444,False,0
ZNF575,0.052035403,False,0
ZNF582,0.06263277,False,0
ZNF583,0.052967,False,0
ZNF592,0.050056443,False,0
ZNF596,0.12496174,False,0
ZNF607,0.14610775,False,0
ZNF608,0.10019567,False,0
ZNF614,0.07607436,False,0
ZNF616,0.16806252,False,0
ZNF618,0.16806254,False,0
ZNF629,0.07692047,False,0
ZNF630,0.0585109,False,0
ZNF639,0.1715008,False,0
ZNF644,0.151081,False,0
ZNF649,0.06848219,False,0
ZNF652,0.17353208,False,0
ZNF660,0.048987627,True,0
ZNF664,0.15090437,False,0
ZNF665,0.07515965,False,0
ZNF667,0.16806252,True,0
ZNF668,0.0670199,False,0
ZNF674,0.053402353,True,0
ZNF677,0.07987415,True,0
ZNF681,0.0753803,True,0
ZNF687,0.07692051,False,0
ZNF69,0.08286215,True,0
ZNF692,0.1465614,True,0
ZNF695,0.052967064,False,0
ZNF696,0.086751446,False,0
ZNF701,0.15962547,False,0
ZNF704,0.1578255,False,0
ZNF705A,0.07607454,False,0
ZNF706,0.1715008,False,0
ZNF711,0.1571965,True,1
ZNF717,0.16806252,False,0
ZNF736,0.09563647,False,0
ZNF74,0.06848251,False,0
ZNF746,0.12496569,False,0
ZNF761,0.16806255,False,0
ZNF766,0.035708018,True,0
ZNF772,0.07607452,False,0
ZNF775,0.039068196,False,0
ZNF778,0.02252698,False,0
ZNF781,0.07607429,False,0
ZNF784,0.049289703,True,0
ZNF799,0.047119223,True,0
ZNF800,0.098194726,False,0
ZNF804A,0.17505072,False,1
ZNF804B,0.071358226,False,0
ZNF808,0.083805114,False,0
ZNF816,0.039591826,False,0
ZNF821,0.15089335,False,0
ZNF827,0.12918106,False,1
ZNF83,0.10007064,True,0
ZNF835,0.11096054,True,0
ZNF836,0.1005261,False,0
ZNF84,0.16619882,False,0
ZNF843,0.039068177,False,0
ZNF860,0.09563682,False,0
ZNF880,0.052032743,True,0
ZNF891,0.16806252,False,0
ZNF92,0.12422289,False,0
ZNRF1,0.123135164,False,0
ZSCAN1,0.06848191,True,0
ZSCAN18,0.055580918,True,0
ZSCAN21,0.15566294,False,0
ZSCAN23,0.015614914,False,0
ZSCAN30,0.052039236,False,0
ZSCAN4,0.0680988,False,0
ZSCAN5A,0.14656182,False,0
ZSWIM6,0.14992371,False,0
ZXDB,0.015325333,False,0
ZXDC,0.13983329,True,0
